5.36997 2.7018 -2.22285 
2.86815 0.0364302 -5.36883 
-0.468605 -0.289676 2.39034 
3.15765 2.70348 -0.158145 
5.24202 -1.04732 -2.56756 
4.27294 1.10408 3.28944 
5.333 0.804589 1.5154 
-2.56511 -1.40063 -3.12726 
-4.24397 -0.570956 -0.81795 
0.0915736 1.56167 0.172453 
5.49186 2.66834 1.00264 
4.02708 1.08663 3.54644 
0.357861 -0.637307 0.21084 
-1.79914 2.34204 -0.286445 
1.60441 1.0674 4.89706 
0.205871 1.94155 -1.16891 
0.172424 2.64618 0.211917 
1.13957 -1.09847 2.43489 
0.677729 0.736666 -0.0957512 
-1.84023 0.205056 -0.170136 
1.71497 -3.01025 -5.92742 
0.151479 2.48978 -1.19672 
-1.68678 2.80681 -0.520445 
2.07777 2.72172 -2.83777 
2.4166 1.43067 1.61405 
3.15141 -1.71374 -0.0867721 
-1.92261 1.79695 0.502939 
1.89194 1.75732 2.07614 
0.718548 -2.1721 -0.478633 
-1.91797 2.58938 0.218959 
1.59749 2.37474 -3.20961 
0.501457 -1.20253 5.04133 
-2.65159 -2.22982 -3.06792 
0.0806368 -1.2982 0.164021 
0.726983 -1.68554 -0.322029 
0.425471 -1.05975 -1.01154 
-3.43497 -0.460329 -2.34427 
5.15831 2.08849 1.9398 
5.62601 -2.45608 -1.09647 
2.73254 -1.05091 -2.01622 
2.54028 0.183198 4.571 
-4.28751 0.00797399 1.461 
0.685528 2.98382 -0.115761 
2.82546 2.89859 1.01802 
3.17181 2.55478 4.22624 
5.52483 3.04656 -1.67257 
-1.21257 -1.80214 -3.70301 
-1.35842 2.71329 1.79945 
-2.86743 0.784007 -2.90456 
-0.0461354 0.187591 2.50548 
2.11684 3.018 -5.76616 
0.597852 0.911934 -0.802157 
2.80581 1.00642 -1.88066 
2.78529 -1.93398 1.09288 
-3.90466 2.83747 2.47765 
-0.38109 1.01923 -1.31535 
0.624727 -2.14694 0.00557044 
1.42702 1.51809 2.33088 
-1.3122 0.935795 -3.67997 
-1.79663 -2.42331 1.09466 
-2.46238 0.375026 4.13385 
0.687867 -1.13171 -0.607409 
-1.87913 -2.86715 0.816776 
2.82867 -1.52513 1.01182 
-0.673472 1.98724 -3.78091 
-1.92036 0.298048 0.247697 
2.95943 0.539998 0.721027 
-4.39105 0.540691 -0.072255 
-0.738192 1.48495 -1.26829 
1.86838 0.966172 4.82522 
0.455532 -2.40648 -0.982518 
-0.991606 -2.19851 -1.17448 
0.108132 -0.677256 0.183505 
2.00366 -2.38351 1.99601 
2.82866 -0.525775 -1.83512 
0.507526 0.750875 5.0412 
1.83275 -1.22923 -5.88355 
-1.44557 3.13819 -0.843509 
0.581312 -1.27664 -0.828181 
1.42429 -0.728124 4.93756 
0.971285 1.03091 -6.14417 
5.38387 -1.34197 -2.1809 
5.66839 0.0313915 -0.319658 
1.24724 -2.65407 4.9708 
0.156803 1.41587 0.206785 
0.695866 1.50665 -0.145926 
-0.158367 -1.97678 2.48275 
0.0707756 -0.435141 0.155501 
2.90175 -0.856367 0.859595 
0.310037 -0.702882 -3.7238 
0.000399639 3.11274 0.0126381 
5.66862 0.789721 -0.337496 
0.396838 1.44404 -1.03713 
-4.36668 1.47157 1.05997 
1.87506 -2.23352 2.08754 
-1.89574 2.22565 0.733138 
1.55967 1.73138 2.26989 
5.25983 -0.669277 -2.52336 
4.87832 -0.470035 -3.30617 
4.31403 -0.968202 -4.11141 
2.91591 -0.482098 -1.64275 
1.91264 -0.428724 2.06192 
5.65637 -0.0116994 -0.0218528 
5.33796 -2.2878 -2.31563 
-3.38526 -1.4439 -2.40281 
0.0717129 -1.12353 0.156352 
-0.572347 2.25048 4.94748 
0.00540418 1.95132 0.0462315 
-3.75279 0.425204 -1.9082 
3.02434 -0.628103 -5.26838 
4.99781 2.55882 -3.091 
0.715016 1.10485 -0.221767 
-1.85679 -0.846916 -3.50321 
0.248544 3.03246 2.54016 
2.09623 2.80364 1.923 
-1.92443 -1.77803 0.464499 
-1.00461 -2.64797 2.10829 
0.708001 -1.64761 -0.189478 
-4.36283 -3.02851 -0.28502 
5.09372 2.36576 2.07496 
2.85854 2.61392 -1.77281 
3.51666 0.908007 -4.9037 
0.0536832 2.6768 0.13817 
-0.779309 -0.328158 2.24861 
3.63725 -2.29056 -4.80182 
-1.1805 2.26825 1.97092 
1.09908 -0.826064 4.99368 
-1.89109 2.50627 0.0301175 
0.172049 3.00388 0.211805 
5.66289 -0.455236 -0.137051 
-0.445451 -1.35962 2.39882 
0.600622 -0.902174 -0.797609 
0.370455 0.720244 0.207101 
-4.13592 0.651022 -1.14138 
3.1662 -1.24896 -0.341154 
2.06104 0.250018 -5.79055 
1.76501 -2.20806 -3.09462 
0.63865 0.656298 -0.0168549 
3.65851 -2.10424 -4.78329 
-1.29153 0.298736 1.8684 
-1.73575 -2.36299 1.2398 
0.604864 0.469059 0.0340548 
2.98615 1.58786 -1.4586 
-4.23077 -0.84491 -0.862493 
1.80514 1.75084 2.13287 
-4.32618 -2.81923 1.28865 
-2.79072 0.520983 3.87705 
0.700051 -1.08701 -0.56616 
2.50804 -2.70378 1.50573 
0.480487 -1.69206 0.153708 
-0.313275 -0.124343 4.99166 
1.89243 -0.905034 -5.86026 
0.428002 3.07892 5.04229 
5.56466 1.95374 -1.48386 
2.89974 -0.0206131 -5.34906 
3.63971 -1.15631 3.89021 
5.49618 -2.47186 -1.79201 
-4.40881 1.1121 0.655347 
0.307959 -0.0679325 -1.10593 
0.719999 0.1082 -0.468874 
0.717609 -1.00994 -0.236049 
4.93558 1.20993 2.37138 
0.0166242 0.779451 0.0801245 
3.10605 -0.78212 0.217366 
3.81645 -2.27817 3.74168 
0.389779 1.0452 0.200465 
0.467521 -1.77062 5.0419 
-3.83344 -1.36695 -1.77566 
0.214224 2.80322 5.03899 
2.81893 -2.694 1.03054 
0.435116 -2.47399 -3.69754 
-4.09152 -0.226972 -1.25372 
4.76395 -1.95252 -3.49417 
3.14834 -0.351373 -0.738108 
5.15551 1.32746 1.94586 
-3.96615 0.286495 2.35483 
1.67115 -2.39027 -3.16078 
-1.06349 0.763533 2.06535 
5.63765 0.389219 -0.994618 
0.0022417 -2.29639 0.0298746 
0.239855 -0.327212 0.223771 
-1.92539 2.46443 0.431199 
0.173839 1.50456 0.212333 
0.798805 1.9893 -3.59476 
0.692579 0.471102 -0.1358 
-3.98686 0.859997 -1.48766 
0.290403 2.161 0.223155 
2.77448 1.7415 1.11218 
4.7072 -1.76105 -3.58192 
-1.55877 -1.04796 1.54956 
-0.698107 -2.11681 -1.27838 
-0.407624 1.26788 -1.31514 
0.567636 0.566724 -0.848387 
4.82595 -1.13037 2.55412 
5.66857 2.52068 -0.464413 
-1.8377 1.17789 0.974132 
0.0400957 2.36814 0.12127 
1.82531 0.089034 2.1201 
0.205426 -2.01634 -1.16916 
-2.07498 -3.00112 4.38338 
2.27117 0.284121 1.76635 
0.560153 -2.04413 0.0867838 
-0.603377 -2.5859 -1.29732 
0.382197 -1.17983 2.54437 
-0.530436 -2.25981 2.36635 
2.2591 0.999736 4.6904 
0.587292 2.6886 0.0564368 
-1.5942 -1.99363 -0.664231 
-1.40657 -0.557557 1.74589 
3.31091 -2.48302 -5.06557 
3.9624 1.36568 -4.4979 
5.03547 -1.2638 -3.01846 
0.395191 -2.01724 -1.03855 
-4.16225 2.9475 -1.06999 
0.682786 2.79483 -0.108497 
-0.833798 -2.24072 -1.23915 
3.58901 0.456735 3.93047 
2.02699 -0.969158 1.9782 
-1.61426 0.0958202 1.46467 
-0.934796 -2.72916 4.8615 
-1.91552 -0.777623 0.591395 
-0.13169 -0.625188 5.01432 
0.302451 0.276265 0.221906 
-1.89508 2.28285 0.0512442 
-1.86207 0.544699 0.887934 
-0.1627 1.20385 -1.29641 
-1.7953 2.13371 -0.296141 
-1.83773 2.04617 0.974048 
0.350774 -3.00884 5.04214 
0.08519 -0.951106 0.167652 
5.16987 -1.9437 1.91457 
-1.64801 2.82269 1.40836 
5.52337 2.6377 0.87402 
4.7389 1.92395 2.68855 
-0.976775 2.9418 2.12761 
0.723577 -0.229567 -0.278811 
0.767678 3.12154 -6.18635 
2.1306 -2.65606 4.73861 
0.0648668 -2.26489 0.149915 
-0.745901 -2.07107 2.26652 
0.639925 0.619805 -0.725749 
-1.79615 -2.809 1.09594 
2.78131 1.9764 4.4526 
5.20253 -2.68835 -2.66206 
0.724786 -1.56801 -0.42762 
0.497615 0.893732 0.141656 
-1.77102 -1.74898 1.15951 
0.0826783 0.345223 -1.22694 
-3.89989 -0.873087 -1.65745 
2.54103 1.17048 -2.31448 
0.596066 2.14148 0.0455595 
-1.57456 1.98424 -0.691043 
0.703509 -0.522616 -0.552829 
0.726825 0.0335464 -0.318956 
5.6685 0.556397 -0.470157 
-4.10149 0.222225 -1.22929 
0.277592 -0.547633 0.224025 
0.562205 -0.0248441 0.0846484 
-1.77823 -2.22688 -3.53423 
0.662791 1.31256 -0.0621135 
-1.06094 2.36181 2.06726 
1.43404 0.670552 -3.30895 
0.0874412 -1.422 0.169382 
-2.05257 0.860776 -3.41721 
-1.63124 2.63582 -0.610442 
-4.06922 1.51458 -1.30687 
2.99704 2.49408 -1.42674 
0.217381 0.388391 0.221535 
-0.216342 -0.0769549 -1.30456 
0.551953 1.37736 0.0950811 
0.0155545 -0.0919601 0.0775928 
0.0445561 -0.711893 -1.24149 
5.65993 2.95456 -0.0795396 
-1.83603 -0.989582 -0.183294 
-1.73781 2.76092 -0.424985 
0.722602 0.458924 -0.270326 
-0.685016 2.54065 -1.2814 
0.719877 1.6018 -0.250195 
4.02653 -2.8593 -4.43234 
-0.582377 1.6697 2.34465 
0.348457 -1.58894 -3.71621 
-1.85466 2.8951 0.915728 
2.2943 0.547861 1.74359 
-0.391305 2.49655 -1.31533 
-2.56 2.26148 4.06226 
0.608171 -0.217764 0.0295648 
1.88579 1.99033 -3.0025 
0.531831 -0.0293528 0.113939 
5.27342 -0.845371 -2.48889 
0.551939 2.69067 0.0950951 
0.766767 -1.52877 -3.60546 
3.34366 0.345544 -5.04076 
2.06244 1.88008 -2.85183 
0.856951 -0.734355 2.50258 
0.358964 -1.28459 -1.06827 
0.336713 0.616555 -3.71858 
-4.40143 1.67627 0.0369431 
0.343267 2.36496 -1.08035 
3.12057 -2.59441 -0.937375 
3.15977 -0.421886 -0.187937 
-0.0680562 -0.606796 2.50147 
-0.759918 -1.34825 -3.77364 
0.250133 -1.5573 -1.14345 
0.549592 -1.48923 -6.22374 
-1.67558 0.131881 -0.539616 
0.507441 -1.94745 -0.92628 
4.59112 -2.14936 -3.75147 
3.16369 -1.76 -0.259146 
-1.91572 -1.94302 0.589483 
0.507905 1.47383 0.133853 
-4.34763 -2.70848 -0.375203 
1.71805 0.514962 4.86798 
0.282802 1.00662 2.54191 
-2.87789 -0.481696 -2.89605 
0.559432 2.00811 0.0875285 
-1.58125 -2.78452 1.51621 
-0.453551 -0.830688 -1.31353 
0.0453836 2.16739 0.128252 
-0.0526894 2.33507 -3.77513 
0.64307 -0.998678 -0.719275 
0.000229692 -1.44063 0.00958295 
0.552942 -1.69213 -0.86894 
1.37038 1.30692 -3.3445 
3.0706 -2.02591 -1.17518 
0.706142 2.79548 -0.182005 
-3.4395 -0.988885 3.20013 
3.16246 -2.40773 -0.233383 
0.790681 1.90888 -3.59751 
0.931699 -0.688298 -6.15293 
1.76246 0.771108 -3.09649 
5.03904 2.32862 2.18249 
-0.959323 -0.387739 4.85463 
3.16586 2.56028 -0.469417 
-0.724178 -2.76868 -1.27196 
-1.74723 0.876536 -0.405664 
1.92104 0.677339 2.05607 
1.69306 1.11017 -3.14574 
0.572465 -1.18518 5.03938 
-0.285348 1.07865 4.99558 
-1.7439 3.11844 1.22204 
-4.29368 -1.50743 -0.631258 
2.97277 0.337698 4.34722 
0.391839 -0.299305 -3.70714 
0.37362 1.80108 -1.05657 
-2.63119 1.75806 -3.08222 
-1.28891 -0.717443 1.87099 
1.54258 -0.150918 2.27824 
-4.40878 1.65167 0.655858 
-0.847508 2.14088 -1.23436 
-0.904575 0.393495 2.17502 
-4.03136 1.38403 -1.39277 
-1.30426 -1.76304 1.85574 
0.428758 -2.3248 0.183658 
-1.06725 -0.0246016 2.0625 
-2.9947 1.47886 -2.79698 
-0.336426 -2.5318 -1.31449 
3.13899 -0.706641 -0.816035 
1.98687 0.139302 -5.82194 
-1.45103 1.61065 1.69316 
-4.41545 2.97018 0.48395 
-0.304813 -1.32881 4.99286 
5.10823 3.14101 2.04541 
0.686244 -2.23979 2.52782 
-0.663773 -2.41548 2.30768 
3.15336 0.513754 -0.687802 
2.58134 -3.06512 -2.25714 
5.6555 -2.77974 -0.00907344 
5.63499 2.41825 -1.01942 
1.14542 -1.57851 2.43314 
0.727708 -0.789515 -0.375037 
0.121462 3.0204 0.191122 
2.78585 -3.10058 -1.91909 
3.11992 -3.13272 -0.941134 
-1.52028 3.09346 -0.759794 
-1.04305 0.57043 -3.73594 
-0.955101 -1.38369 -1.19136 
-1.82587 1.37998 1.01146 
-1.38582 0.0244586 -0.902864 
-0.972038 2.19229 2.13084 
0.661236 -2.19322 -0.679014 
5.24013 -2.84939 1.75341 
2.0592 2.34493 1.95296 
-3.25537 0.662651 -2.546 
0.623017 -1.01403 -0.758526 
2.72548 -0.384026 4.4814 
4.94847 0.42486 -3.18244 
3.12312 -0.0880683 -0.92229 
-0.279991 -2.41058 -1.31123 
0.687269 -0.159343 -0.609252 
3.04946 -1.44483 0.451846 
0.474021 1.5542 -0.963448 
0.380443 -0.213569 -1.05097 
2.54174 -1.03686 -5.558 
4.48713 0.197212 3.03473 
-1.20923 -0.338926 1.9457 
-1.89596 2.73448 0.731879 
5.39891 -0.342863 -2.13426 
0.62098 0.184543 -6.21238 
-1.27986 1.11622 1.87985 
1.9489 1.40704 -2.95097 
-0.961355 2.58595 2.13806 
-1.76611 1.36495 -0.365017 
0.593733 -2.59333 -0.808814 
1.89644 0.373774 2.07308 
-3.81456 -1.55486 -1.8077 
-1.51775 -0.760041 -0.762818 
2.07103 0.119428 -2.84398 
-1.79396 -1.77067 -0.299487 
2.07247 -1.20138 4.75916 
2.29874 0.0379603 -2.6146 
-2.79932 2.31193 -2.95858 
0.734087 0.275524 -3.61604 
2.78047 2.12152 4.45304 
-4.34864 -3.10435 1.17043 
-3.32106 1.21754 3.34527 
0.504722 1.42776 -0.929445 
-1.13817 -1.42395 2.00656 
3.06934 0.964819 0.378198 
-0.902269 -2.73882 2.17647 
-1.69777 1.20725 1.31735 
0.0599924 -1.64758 0.144999 
2.71002 -0.910485 4.48923 
-0.964254 -0.617336 -1.18724 
-3.09363 0.77414 3.59425 
0.114155 -0.912928 0.187077 
0.679048 1.78513 -3.63309 
3.58161 -3.02941 -4.8495 
-0.948291 3.06771 -1.19438 
-2.49277 1.5984 -3.17441 
-3.71677 -2.28268 2.80574 
-0.771852 -0.300279 -3.77249 
-2.26921 0.696626 4.26484 
-1.00739 0.620689 -3.74187 
2.24337 -2.70447 -2.6744 
-0.985245 -1.75063 2.1218 
-0.65574 0.705073 2.31149 
5.35649 -0.034406 1.44951 
0.668055 -2.27253 -0.0733664 
-1.78986 -0.819452 4.53584 
-2.12296 -0.202408 4.35526 
-1.92005 3.13699 0.243643 
-0.68412 1.76608 4.92403 
2.9307 1.02313 -5.32941 
0.234535 -2.17587 -3.73749 
-0.0650138 1.90371 2.50204 
-1.31867 2.76488 -0.962724 
-1.82987 0.698789 -0.201989 
2.92672 -0.362124 -1.61644 
3.69682 0.0678314 -4.74945 
4.78834 2.58945 -3.45539 
2.94907 2.24809 0.747417 
-1.63069 1.30176 -0.611272 
-1.8647 1.72517 -3.49998 
-0.242464 2.60267 2.4621 
4.47869 -0.671043 3.0454 
4.95478 0.491148 -3.17095 
-0.826137 -0.287315 2.22232 
0.0976578 -1.42513 -6.2762 
3.58224 -2.1104 -4.84897 
-4.03663 0.00665453 2.20153 
2.00951 0.348793 4.78054 
0.063641 2.99798 0.148706 
2.27601 -1.93567 1.76163 
-1.64359 0.52584 -0.591474 
5.65958 -1.80953 -0.7251 
1.18333 -0.882984 4.98122 
-0.288832 -1.62671 -1.3119 
-1.13128 -2.38395 2.0122 
-0.780693 0.130417 2.24785 
-1.23083 3.01815 -1.03155 
0.015552 -3.07662 0.0775867 
0.0302059 -2.23301 0.106421 
5.20629 2.75503 1.8328 
4.05343 2.70206 3.52048 
1.88477 2.61429 4.82026 
0.363835 -2.75798 -1.06443 
5.10279 0.58905 -2.88225 
-4.32228 -1.10447 -0.505115 
0.385953 -0.464822 -1.04638 
0.913867 2.46866 5.01606 
2.64923 2.57247 1.31439 
-1.74418 -0.0724676 -0.411982 
0.593401 -1.83987 -6.21686 
2.33093 2.01682 4.66174 
-1.62485 -3.122 1.44742 
5.30428 -1.92054 -2.40814 
3.10481 2.52464 -1.02252 
0.10165 -2.2185 0.179404 
5.15961 -1.89515 -2.75981 
-0.914504 -0.953332 4.86709 
0.709918 -0.757408 -0.5253 
-4.4116 1.4022 0.195294 
-1.54773 -1.08083 1.56546 
4.20541 3.0795 3.36347 
0.348046 -0.0587072 -1.07673 
-1.6526 1.30187 4.60081 
0.756143 2.736 -3.60894 
4.25003 -3.12827 3.31487 
0.135212 -2.94076 -1.20435 
0.718733 2.03678 -0.242833 
2.34158 -0.745306 -5.66115 
3.29564 1.43668 4.1447 
1.4587 2.9877 -3.29472 
0.719283 1.41466 -0.246306 
-0.347769 0.67321 -1.31485 
0.493463 1.20039 0.144683 
3.04796 2.2509 0.457128 
-1.87916 2.59338 -0.0263634 
0.532073 -2.85108 -0.896323 
0.448258 -1.09274 -0.989757 
1.16559 -0.584466 2.42698 
0.518047 0.341222 0.125724 
0.268685 1.45246 0.224348 
3.12039 -3.0544 0.140768 
-4.415 1.16782 0.292115 
-1.4165 -2.16727 -0.873158 
-0.707073 1.35712 -1.27623 
-1.61344 1.00238 -3.59311 
0.986084 0.912219 -6.14083 
1.29266 -1.01721 -3.38564 
-0.192617 1.78642 2.47472 
0.508809 -1.8402 -3.67994 
0.279095 -0.967376 -1.1253 
3.80122 -0.0052065 3.755 
-1.63541 -3.05553 -3.58573 
-4.2784 2.00721 1.49749 
-0.409637 0.257663 -3.7909 
-0.572372 1.23065 -3.7869 
4.99581 2.6771 2.26358 
0.00816063 -0.616161 -3.76904 
0.705222 2.83271 -6.19787 
0.132821 2.16142 0.196826 
0.645313 0.834833 -0.0284468 
0.162274 1.9844 0.208697 
5.46812 1.85926 1.09175 
-1.62946 0.608904 -0.613138 
-0.826515 1.85022 -1.24162 
0.70016 -0.465833 -0.16008 
1.97738 1.2564 -5.82587 
0.0400832 -0.0051378 0.121253 
4.17011 3.07353 3.4011 
-0.502965 -0.953969 -3.78946 
4.28024 2.42415 -4.15162 
-0.261003 0.724594 -1.30957 
-1.71144 2.17939 -0.476088 
2.81783 1.56922 -1.85691 
-0.407053 -2.4788 -1.31515 
1.84197 1.76223 2.10936 
4.62088 -2.69135 -3.70919 
-3.85481 -2.3445 2.57096 
-1.60891 -1.42957 -0.6434 
1.4163 -1.71642 2.33544 
-1.55007 -0.749323 4.64598 
3.6813 0.424575 3.85642 
5.46656 1.02223 1.09739 
4.86096 -2.64775 2.49751 
1.6369 -2.23651 4.88903 
0.260043 -0.470362 -1.13738 
5.65184 -0.436878 -0.839558 
2.93051 -1.21857 -1.60707 
0.707119 2.77779 -0.537844 
5.62342 -0.950769 0.316982 
-0.226638 -0.926387 -3.78705 
4.25328 -2.21922 -4.18321 
0.0526005 0.953542 0.13694 
-1.13542 -2.80759 -3.71897 
5.45675 0.219145 -1.94056 
-0.134887 -1.98461 -1.29124 
0.136473 -1.84978 5.03554 
0.405759 1.44221 0.194139 
3.0281 -0.599706 0.523818 
0.889007 -2.40067 2.49655 
0.712091 2.44925 -0.514864 
-1.62062 -1.12122 1.45434 
-1.29813 -0.0246973 -0.979732 
-0.280164 1.38273 -1.31124 
2.36413 0.982526 1.67161 
-0.508498 2.74645 -3.7893 
3.12334 0.687862 0.12351 
0.503335 2.32285 5.04129 
5.10495 -1.21645 2.05213 
0.369322 1.27296 2.54427 
2.48502 -2.33289 1.53403 
5.34196 0.00685669 1.49057 
3.92166 0.54299 -4.53854 
5.04472 1.1711 2.17159 
0.356824 2.38137 0.211127 
0.352468 -1.57715 0.212301 
-1.8301 2.0017 0.998383 
3.88729 -2.34547 3.67835 
0.422201 3.1095 0.186815 
-1.45769 -1.98886 1.68496 
-0.39426 -0.69964 4.97936 
0.588284 0.850337 0.0552351 
4.80974 3.12118 2.57983 
5.53831 2.98376 -1.61209 
-4.39507 0.667799 0.831365 
-1.7876 -3.12888 1.11825 
-0.922403 0.910376 -1.20548 
-2.89862 2.91311 -2.87902 
0.546537 2.29984 -0.877557 
0.0850441 -1.53138 5.03259 
-2.35895 -3.03895 4.20569 
-4.40696 -1.24111 0.11178 
1.12749 -0.63041 -6.10695 
3.99853 -2.72569 -4.46122 
3.14609 -2.33243 -0.758405 
0.167611 -0.754066 -1.18885 
-0.406739 0.201196 -3.79091 
2.1037 0.567012 4.74822 
2.40869 -2.2776 4.62931 
4.47818 -0.378546 3.04604 
-2.42796 -0.904365 4.1582 
2.67039 -0.241627 -2.12074 
-1.90883 3.00099 0.137924 
0.547702 -2.3479 0.0992385 
5.36467 -0.165653 1.42596 
1.6955 -2.91107 -3.14405 
-1.0582 -2.7074 4.82553 
4.4386 -0.8505 3.09529 
0.685961 -1.56482 -0.116935 
2.82614 1.06251 -1.84022 
-0.351602 1.95162 2.43051 
2.08612 1.75362 1.93128 
-0.0817524 -0.574195 -1.27955 
-1.77199 -1.04258 -0.351763 
-1.27315 0.677428 -0.999644 
1.89653 -3.03815 4.81666 
-1.79356 -0.39631 1.10277 
0.407149 -2.3182 2.54437 
-1.60677 2.38756 1.47664 
2.47327 -0.972983 -2.40559 
-0.655369 2.37401 -1.28777 
3.44973 1.72139 -4.95795 
-4.13619 -1.28887 -1.14067 
-1.06504 -1.00586 -1.1368 
-1.87934 2.93316 -0.0255777 
-0.58733 -1.55145 -1.29986 
-0.705649 -1.25435 -1.27657 
1.68701 0.484443 2.20293 
-0.221352 -2.98445 -1.3052 
-0.639104 -2.97782 -1.29098 
-0.215988 1.11056 5.00464 
0.219378 -2.42036 5.03918 
0.572311 1.18473 0.0737649 
0.647162 -2.25079 -0.0317731 
-0.103272 -2.45195 2.49459 
3.1771 2.23425 -5.16337 
-4.31032 2.32119 1.36324 
4.06773 0.763832 -4.38913 
2.9536 -0.74433 0.735976 
4.5325 -1.33154 2.97646 
2.26051 1.50386 1.77667 
1.74714 1.99204 2.16826 
0.98533 -2.25401 -6.141 
-1.89255 -2.82875 0.0376915 
-3.42663 -0.0329461 3.21649 
0.698152 -1.01429 -0.153319 
5.63597 -2.51099 -1.01037 
0.814054 -0.220248 -3.58956 
4.35584 -0.0227395 -4.06063 
0.69342 1.34024 -0.589547 
5.56108 2.99392 0.699045 
4.72449 1.91976 2.71001 
0.237974 -1.41186 -1.15072 
-0.244875 2.21834 -1.30794 
1.27263 1.24268 2.39135 
0.278393 -2.006 0.223985 
0.357137 2.91518 0.21104 
-1.27552 -0.658906 1.88407 
5.65371 2.73286 -0.814826 
0.188658 -1.07947 -6.26831 
-1.87904 2.85822 -0.0268753 
3.16554 -0.468001 -0.482182 
-0.2234 0.68107 2.46706 
1.59405 2.56721 2.25265 
-1.41832 -0.312222 -0.871348 
0.489024 1.22271 -3.68483 
2.90979 0.304891 -1.65736 
-1.86677 2.00205 0.869429 
-1.50301 0.439132 -0.780183 
5.66587 0.772004 -0.212289 
0.593241 1.2713 0.0491243 
0.725897 -1.31296 -0.304291 
0.220059 -0.726173 -6.26528 
5.39849 -1.75154 1.3246 
-0.774549 -2.09105 2.25121 
1.76938 -0.488274 -5.90749 
2.37027 0.686513 -5.64694 
0.680294 2.38167 -0.102116 
2.2595 1.55996 -2.65728 
0.240292 0.457159 -3.7365 
-1.66321 2.98632 -0.560167 
0.519662 1.24988 0.124387 
-1.31919 -2.08918 -0.962287 
-2.74444 -1.90007 3.91612 
-1.61491 -1.48224 1.46362 
5.55587 -2.22336 0.724947 
0.476512 -0.543355 5.04177 
-2.82262 -2.85843 -2.94037 
3.14948 -1.40537 -0.727374 
2.89762 -0.735096 0.868814 
-1.79964 -1.66225 1.0866 
2.48884 2.31725 4.59431 
5.57044 -1.09811 0.650911 
-1.46977 2.00152 -0.817634 
0.464857 -1.37217 0.16374 
0.629565 2.5799 -3.64761 
0.92085 -2.85401 -3.55096 
1.08177 -0.625049 4.99607 
1.58715 -0.216591 2.25616 
-0.275369 -0.225126 2.45315 
0.631304 -0.275309 -0.0047402 
0.0270217 -1.20936 -6.28141 
-1.92243 -3.05728 0.278477 
0.529873 -0.985874 0.115667 
-1.68535 -1.03393 1.34108 
0.693246 2.396 -0.137809 
-1.43176 -2.82246 4.69467 
-4.25054 1.99695 -0.795079 
0.570229 -0.275324 0.0760578 
-0.798621 -1.63839 -1.25072 
2.70739 -1.92973 1.225 
0.0276368 -0.130499 0.102082 
1.36887 0.133319 -3.34532 
-0.800941 0.441344 -1.24999 
-3.14255 -2.01896 3.54365 
-0.757524 2.8864 2.26037 
3.25226 2.96581 -5.10913 
3.25882 -1.24507 -5.10431 
1.50195 -0.800752 2.29749 
-1.47054 -2.13259 1.66891 
4.17412 2.76822 3.39686 
0.359376 0.644777 0.210414 
2.0892 -1.12441 1.92877 
-2.70041 -0.949025 3.95236 
0.194858 2.34761 0.217619 
-0.705894 1.65403 4.91915 
0.661052 1.44235 -0.0585206 
5.44664 -0.543408 1.16764 
2.40726 1.08931 1.62453 
-2.56407 -1.37412 -3.12796 
0.0345213 2.9996 0.113227 
0.126436 0.70939 0.193704 
2.51528 1.74125 1.49668 
1.77173 0.963704 -5.90662 
-0.905035 -1.4493 2.17473 
0.19052 -2.09351 0.216662 
-1.79756 -1.87916 -3.52678 
-0.986021 -0.0910018 -1.17714 
-4.41563 -0.850447 0.322337 
-1.77644 -1.92881 1.1463 
0.0274277 2.50202 0.101719 
0.105027 -0.610852 0.181574 
-1.60468 1.19715 -0.649454 
3.223 -2.44437 4.19314 
-4.41627 1.63968 0.386487 
-4.0058 1.47892 -1.44801 
-3.47373 2.21479 -2.29706 
0.594748 -1.75834 0.0472298 
2.92032 -1.61224 0.817071 
-1.46703 -2.17043 1.67333 
0.494188 -2.17899 2.54248 
3.01601 2.05336 0.561927 
1.50183 -0.273973 -3.2692 
2.4249 -3.03236 -2.46696 
-0.134227 -1.76085 -1.29111 
0.269277 -1.46404 -1.13159 
0.547113 -2.7177 5.04019 
-4.34375 0.20092 -0.396568 
3.16377 3.06105 -0.53311 
2.50189 -1.56243 -2.36787 
-1.2169 -0.886427 -1.04158 
-1.18653 -0.743894 -3.70858 
-0.838078 -0.89616 2.21539 
2.54067 -0.418569 4.57082 
-0.966809 -1.99874 -1.18608 
2.61954 -0.264043 1.35742 
5.40708 1.30672 -2.10832 
0.0545808 -2.98423 0.139176 
0.727811 -1.91703 -0.369218 
0.718172 -3.07855 -0.481035 
2.66837 -0.544998 1.28576 
-0.919945 -2.39924 2.16525 
3.16637 2.07844 -0.441953 
1.81413 -0.490879 -3.05815 
-4.40795 -1.51909 0.669849 
-0.831874 -1.47699 -1.23981 
-1.21854 -2.85648 -1.04041 
5.66563 -2.36885 -0.20524 
0.493959 1.23079 0.144325 
-4.17773 0.24888 1.83752 
-0.357021 -2.17476 2.42879 
4.2635 -1.89186 3.29995 
0.0804354 -2.11962 0.163856 
0.254465 2.57182 0.224377 
-4.09844 -0.896989 -1.2368 
1.00608 0.292537 2.47097 
1.96837 2.20716 2.02223 
2.78372 0.918096 1.09571 
3.4848 -1.32004 4.01013 
2.24455 -2.34167 1.79192 
3.3888 1.12582 -5.00599 
5.26791 1.74216 1.68555 
0.149913 1.60085 0.204194 
2.44166 2.56012 1.58543 
-3.99786 0.556046 2.28769 
0.0265008 -1.60192 0.100087 
5.66835 -0.14894 -0.481549 
-1.467 -2.09811 1.67336 
-1.09376 -0.274127 -1.12065 
-0.447365 1.13285 -3.79059 
2.51757 1.27555 -2.34675 
-1.9227 1.82379 0.501259 
2.06691 0.891744 4.76108 
1.80866 2.13641 -3.06227 
-4.35788 2.48365 1.11604 
3.86208 1.57376 -4.59657 
0.223732 -0.293619 -6.26491 
-3.77359 0.101897 -1.87506 
-2.78006 0.759278 -2.97344 
2.36774 0.986363 -2.53595 
2.58247 -0.691576 1.40894 
-0.792293 -1.57122 2.24146 
0.303732 -3.11995 -1.10885 
-1.22849 -0.152435 -1.03325 
0.184599 -1.93706 0.215245 
-1.64739 -0.657317 -3.58165 
0.126101 -0.586404 0.193534 
0.609653 0.94413 0.0275215 
-4.12896 1.16942 1.97412 
-1.1137 2.81177 2.02638 
0.43855 -1.04186 -0.999198 
-0.846448 2.44226 -1.23474 
-4.4142 2.05556 0.262747 
3.09228 0.649114 0.282481 
-0.710061 -2.69633 4.9182 
4.50375 1.61045 3.01358 
0.302808 -2.58852 0.221863 
0.354174 -0.725849 2.54407 
0.606342 -1.78973 0.0320592 
2.6337 -0.791485 1.33711 
-4.41459 -3.05566 0.276208 
2.86633 0.0386396 0.936117 
3.57945 -0.445458 -4.85133 
2.17163 -1.53556 -2.74787 
0.431325 2.59407 -3.6984 
-0.951502 -2.46374 4.85684 
0.252071 1.01107 2.54036 
0.582683 2.60659 2.53752 
3.62893 1.09144 -4.80903 
3.08931 -2.21108 0.295677 
1.77414 -1.89185 -3.08794 
1.74797 -1.76794 4.85986 
0.390055 2.0606 2.5444 
0.724774 1.71033 -0.42775 
0.0210704 1.24292 -3.76762 
0.085422 -1.68354 0.167832 
0.0177245 -2.88192 0.0826358 
1.08792 3.0774 4.99523 
-0.869501 -0.360961 2.19669 
-3.34839 -2.93121 3.31282 
0.652897 0.431796 2.5314 
-1.55494 -0.330145 -0.716752 
0.114059 -2.33269 -1.21381 
-4.00833 -2.2329 -1.44264 
-1.25867 0.642494 -3.69269 
0.0180578 1.36993 -1.25073 
-2.3375 -2.95205 -3.2684 
-2.4814 -1.70245 4.1202 
-1.70645 3.02442 -0.485313 
-4.20458 -0.0538807 1.75582 
-3.52026 1.71488 3.09393 
2.41907 1.71286 1.61127 
-1.20535 0.398941 -1.04971 
0.680595 -1.55797 -0.628958 
3.84937 0.35962 -4.60874 
-2.18465 2.07765 4.31799 
-1.71341 1.06903 -0.472413 
-1.02901 0.664583 -1.15593 
0.529172 -3.05838 -6.22683 
0.0993891 -0.485801 0.177907 
0.213658 -2.6323 0.221006 
-1.49281 -1.01602 1.64035 
3.10304 -2.73359 4.26941 
3.14202 -2.6677 -0.792463 
0.444833 -1.27704 2.54392 
0.520846 -0.656375 -0.910273 
-0.416549 0.680228 4.97573 
-1.80753 -0.503816 -0.264663 
0.00663852 -0.339651 0.0511734 
2.27265 -0.492102 1.76491 
-1.48497 -2.0731 4.67322 
0.851794 -2.76917 -6.16979 
0.462757 2.86925 0.165021 
0.926962 -1.79103 -3.54864 
-0.794385 -0.669119 2.2403 
2.42899 -1.56484 -2.46188 
0.122394 2.52344 0.191616 
1.88236 0.374428 2.08263 
-2.01259 -3.06252 4.41886 
5.58512 1.42674 0.570336 
0.862608 -2.60844 -3.57247 
-3.93352 0.494136 -1.594 
-4.39901 2.00872 0.789102 
0.346889 1.63642 -6.2514 
3.16046 2.02776 -0.198599 
-1.61368 -1.6457 -3.59303 
0.108793 0.496018 5.03402 
2.01236 0.440915 4.77959 
0.805174 -0.252992 2.51146 
-1.66951 2.39968 1.37033 
-1.91474 0.361065 0.598835 
-4.10544 0.590156 2.03549 
-0.954723 2.56049 2.1425 
0.0886916 -0.661583 0.170325 
-1.71467 0.456714 1.28382 
0.703411 2.17935 -0.553218 
-2.76414 0.274599 3.89961 
-2.30023 -1.12923 -3.28955 
-0.0119742 2.7095 5.02558 
-0.0989098 -0.853873 -1.28359 
0.304975 -0.614177 -1.10799 
1.56358 0.354069 -3.23121 
0.512366 -2.48588 5.04109 
-0.204046 -2.88685 -3.78595 
5.66635 -2.85313 -0.227346 
0.640304 -1.25139 -0.724975 
2.62131 -2.25078 4.53291 
4.98545 0.525818 2.28253 
-1.64308 -2.72824 4.60512 
-0.569336 0.785829 -3.78704 
0.72667 0.551573 -0.316136 
0.719415 -0.0651799 -0.472902 
1.80026 -1.3641 -5.89593 
-3.80375 -1.13331 -1.82575 
3.10344 0.18393 0.230241 
-1.92202 1.1532 0.512647 
-2.88433 -2.82153 -2.89078 
-2.60832 0.713164 -3.09802 
0.718201 0.710388 -0.239569 
0.132706 3.09639 -3.75343 
1.14949 0.597854 4.9864 
-1.37078 -2.24744 -3.66512 
-4.27505 0.759852 1.5106 
-1.24218 -0.333666 -1.02321 
-4.40453 -2.39611 0.0767547 
-1.92243 2.56058 0.27838 
0.613108 -2.10464 -0.776359 
0.233401 2.48398 5.03966 
4.2086 -1.62378 3.36004 
4.28713 -0.333154 3.27352 
-4.01316 0.692198 -1.43232 
0.285688 -2.70571 0.223531 
-1.70074 1.22766 -0.49571 
-0.195718 -1.13194 -1.3017 
-0.315023 -1.11245 2.44171 
-1.83794 -1.24653 0.97336 
0.67114 -1.46758 -0.654536 
-3.52137 3.10972 -2.23702 
3.38887 -0.937253 -5.00593 
0.211139 2.33139 0.220622 
-1.91972 -2.37627 0.545294 
1.88959 0.328264 2.07774 
4.57087 2.90996 -3.77979 
-0.644997 1.36253 -1.28984 
1.00753 -2.62204 5.00561 
3.84583 -1.53581 3.71569 
0.909942 -1.28711 5.01646 
2.18776 1.38847 1.84431 
0.696762 -1.64076 5.03357 
0.710722 0.366367 -0.521516 
0.0515387 1.26911 0.135716 
4.85928 -2.0383 2.50025 
-1.42447 2.77588 -3.65065 
-1.79062 -2.66217 -3.52947 
2.49654 0.583565 -2.375 
-2.49668 1.04924 -3.17192 
-1.0737 2.48023 -3.73057 
-0.477857 2.53314 4.96523 
5.66024 0.972134 -0.0851524 
-0.884553 -0.550788 -1.22067 
1.35412 -2.42524 4.95151 
0.294264 -0.0781355 -1.11528 
-0.194562 -0.171597 2.47425 
0.477781 -0.332271 2.54307 
-1.874 2.80782 0.839406 
-0.16564 -2.14184 2.48109 
-0.958287 -0.386889 2.14012 
0.753107 -2.64274 2.51931 
-0.766984 0.936096 -3.77296 
2.99777 1.88157 0.616362 
1.03253 -0.452226 2.46442 
0.0387241 -1.23855 0.119361 
-3.98924 -0.167962 2.30622 
5.01226 2.98334 2.23311 
0.0138566 -0.693708 0.0733686 
5.17874 -3.01661 1.89498 
-3.35638 -2.5665 3.30322 
-1.87377 -2.57261 0.840401 
-1.68016 -2.80898 1.35078 
3.87149 1.45428 -4.5875 
-4.40395 -2.17772 0.728538 
0.684134 1.03555 -0.112034 
5.63042 2.8057 0.259899 
0.72243 -2.91801 -0.450252 
2.25888 -1.35076 1.77824 
-1.86436 -1.53301 4.49834 
1.29479 2.37237 2.38334 
0.698225 -1.6751 -0.153562 
-0.779213 1.51757 -1.25668 
1.21535 2.27294 -6.08412 
2.29178 -2.41158 -2.62228 
0.373343 1.84071 -1.05679 
-0.455708 2.10924 4.96912 
0.797598 2.8622 2.51267 
0.682756 1.04385 5.03438 
5.54146 -1.42593 -1.59752 
2.32859 0.0362049 4.66269 
2.16929 -0.181952 -2.75019 
-1.82371 -0.596169 -0.220001 
-0.369243 1.42783 2.42488 
-0.609201 1.94312 -1.29635 
5.03757 -1.378 -3.01436 
2.80778 -2.32488 4.43864 
1.09624 -0.710122 2.44742 
0.150187 -1.6893 0.204301 
-2.07901 2.81181 4.38105 
-1.34842 1.32711 1.81014 
-1.5323 -2.45095 1.58718 
-0.259557 0.0366229 -1.30943 
-4.37856 2.63602 0.975565 
0.726509 1.87426 -0.313411 
1.511 -2.37338 -3.26366 
-0.22335 -0.823439 2.46707 
5.59922 -2.33982 0.485731 
0.222831 -2.43865 -1.15947 
1.06878 -0.695367 2.45496 
1.06015 -2.89273 2.45726 
1.6689 -1.10456 -3.16231 
0.130576 1.06192 0.195752 
3.43611 -2.76897 4.04597 
0.103682 2.55928 0.180719 
0.700415 0.458375 -0.160959 
-0.431891 2.72902 4.97318 
2.21123 2.36206 -2.70786 
1.13245 -1.94499 2.43701 
-1.8832 -1.23097 -0.00817255 
-0.776387 -2.57689 2.25021 
-0.771273 -0.700072 -3.77254 
0.539426 1.64017 0.107061 
2.13922 -1.48156 -2.77967 
1.2725 -2.61677 -3.39592 
-1.27628 0.574442 -3.6886 
0.000433568 -0.450872 0.0131632 
-1.62737 0.982343 -0.616284 
2.03722 -2.15487 -2.87461 
-1.89807 2.27441 0.0680374 
-0.629563 2.59636 -3.78384 
1.43281 -2.43432 4.9358 
-1.77869 1.54599 1.14073 
-0.783026 -1.15259 -1.25553 
0.0138933 2.38328 2.51544 
0.156101 -0.68997 -3.75002 
-0.333804 -0.0607092 -3.79038 
2.75326 0.206714 1.14911 
-0.907569 -1.45268 -1.21158 
3.34593 1.3107 4.11013 
0.622122 -2.88154 -3.64973 
0.676692 -0.517354 -0.093233 
5.3919 -1.13313 -2.15617 
-0.490062 -1.4608 -3.7898 
5.15953 0.333034 -2.75998 
-0.705916 2.18225 2.28706 
4.48549 -1.81213 -3.89549 
-1.67361 -1.23109 1.36286 
1.2965 -0.787014 4.9622 
2.36975 -0.38641 1.6656 
-1.61389 -2.72689 4.61819 
0.543309 -1.48622 0.103435 
-1.63563 2.31478 4.60848 
0.107296 -2.90427 5.03393 
3.15272 -2.51401 -5.1806 
0.0511129 2.69168 -6.27972 
-1.52325 0.741359 4.65734 
0.146477 1.87827 0.202824 
0.360559 0.0214831 0.210077 
2.38085 0.403448 -2.52044 
0.661469 1.84087 -0.678463 
0.712222 0.856326 -0.51421 
-4.20786 -0.243517 -0.935924 
2.02534 2.4222 1.97947 
-1.02728 -1.97299 2.09209 
-4.34299 -2.16873 -0.40066 
1.94255 -1.10089 2.04087 
-1.17486 2.38095 -1.07045 
3.02666 2.89032 0.528455 
1.8413 -2.23821 -3.0374 
3.48866 -0.516849 4.00725 
1.24401 2.94739 2.40137 
0.439581 0.789764 -0.998207 
5.58421 1.4316 -1.37756 
5.24145 0.355008 -2.56896 
-1.07262 0.520195 -1.13262 
-0.307623 -0.641157 -3.78984 
-4.30874 -1.9002 -0.56703 
2.66921 -0.298924 1.28448 
-3.47766 1.30334 3.15073 
-4.32159 2.38708 -0.508377 
0.0238833 1.57418 5.02839 
2.13138 -1.82095 1.89358 
3.06515 2.42363 -1.19673 
0.72652 -0.378484 -0.404368 
0.723268 -2.67344 -0.276021 
-3.57891 1.52714 3.01266 
-0.382649 -0.571567 2.4205 
2.45548 -0.999363 1.56931 
0.0318142 0.418255 -1.24602 
-0.15876 0.34638 -1.29571 
-0.143933 -0.932405 -1.293 
1.71331 -2.39236 -3.13162 
-1.40007 2.54118 1.75333 
-2.8884 -0.083766 3.79119 
-0.898969 1.67416 2.17854 
2.98437 -3.06746 -1.46369 
0.692796 -2.33944 -0.13645 
0.505477 2.77704 -0.928568 
1.51186 -2.47666 4.91872 
3.16525 -0.543315 -0.301555 
1.28759 2.55288 2.38597 
-1.04737 2.56569 -1.14634 
0.552507 2.4283 0.094533 
0.411151 -1.06768 5.04236 
3.50346 -0.535363 -4.91452 
3.166 -2.90463 -0.463318 
-2.65614 2.2219 -3.06471 
1.39581 1.03622 4.94334 
1.99139 2.57214 2.00522 
-2.40522 2.36502 -3.22859 
-2.97971 0.0204421 -2.81012 
1.42078 -0.789956 2.33354 
5.62972 0.556802 -1.06568 
-1.3957 -0.773347 1.7583 
2.88281 1.71599 0.90121 
-0.150015 -1.85064 2.48463 
0.0662841 -0.160479 -6.27861 
0.63073 1.00181 -0.00382146 
-0.287244 -1.89133 -1.31178 
-3.03831 -2.64085 3.6497 
0.00521897 -3.0768 0.0454413 
-3.40739 -0.581834 3.24066 
-4.30977 -2.04604 1.36572 
0.30486 0.601805 0.221607 
-1.75661 -2.5201 -0.385794 
1.07961 -0.524802 2.45202 
2.49174 2.25077 -2.38137 
-3.43866 -2.00803 3.2012 
0.405011 -2.54535 0.194453 
-4.41329 2.4894 0.235876 
-3.18488 0.959265 -2.61833 
-4.17679 3.08517 -1.0288 
5.15169 2.50158 -2.77733 
0.119528 0.405382 0.190081 
0.340776 0.118049 0.215183 
0.39033 -2.49174 0.20026 
0.420124 2.30719 -6.24218 
0.692335 2.66282 -0.13507 
0.0692113 -2.28866 0.15406 
4.92627 -2.98475 2.38754 
-4.09546 2.72895 2.06075 
0.456586 2.67424 -0.981457 
-1.48705 1.99691 -3.63275 
0.641017 -0.82976 -0.723516 
0.725203 1.84771 -0.295558 
0.725957 1.4775 -0.413013 
2.32042 2.41518 -2.59041 
0.707904 1.86434 -0.534416 
-0.631833 -1.85162 -1.29234 
0.00177809 1.54638 0.0266196 
0.149119 1.67666 2.53241 
-3.92832 0.365995 -1.60399 
-1.26146 2.40861 -1.00868 
-1.37 -0.55828 -0.917581 
0.488783 1.62486 0.148013 
-3.667 2.88875 -2.03809 
-1.92143 -0.19521 0.5219 
0.552419 -1.91473 0.0946198 
-1.81108 2.51841 -0.255162 
-1.50788 2.27169 -0.774501 
0.726343 -1.40426 -3.61849 
-0.420832 0.924817 -1.31484 
0.980351 -0.508241 5.00882 
2.3918 -1.05124 -2.50734 
-1.79531 -3.01876 -3.52765 
4.77737 -0.265322 -3.47291 
-1.45405 2.17362 -0.834571 
-0.674984 0.768479 -1.28363 
0.452582 -0.640459 -0.985471 
-4.29987 1.4934 1.40926 
-3.73292 1.70368 2.77983 
0.0652992 2.36289 0.150337 
-1.93938 2.47477 4.45894 
0.442345 2.34625 -3.69589 
2.38556 2.73567 -5.63928 
4.70333 -2.88149 -3.58777 
-1.33441 2.57319 -0.949293 
0.370292 1.01246 -1.05926 
-2.33792 -0.251655 -3.26816 
0.641433 -3.04996 -0.722661 
0.627609 -2.28803 -0.749937 
0.316984 -2.30308 2.5432 
5.48744 -0.676771 1.01968 
0.485212 0.355179 -6.23325 
-1.04417 0.0289567 -1.14803 
-1.92387 0.445389 0.478145 
-4.3676 1.43895 1.0538 
0.681622 -1.75042 -0.105491 
-1.75062 -1.18299 1.20705 
0.59553 2.95652 -0.805925 
-1.92393 0.414117 0.476785 
-4.32198 0.530214 -0.506522 
2.65619 -1.56172 -2.14347 
-3.13085 -2.53719 -2.67143 
-0.537454 2.68882 -1.30652 
-1.91654 -0.232715 0.20394 
3.16596 1.09807 -0.465155 
-2.07593 0.244762 -3.40609 
-3.29523 -0.0405757 -2.50347 
-1.92172 -2.72734 0.266967 
-4.27014 1.63511 1.52954 
0.622189 1.80074 -0.760052 
-0.637752 -1.18404 2.3199 
-0.496078 2.20843 -1.31063 
1.63785 0.759246 2.22979 
-3.09827 -1.52848 3.58951 
2.34987 -2.48421 -5.65706 
-0.70783 2.53174 2.2861 
0.651989 -2.07906 -0.0407044 
-3.91644 -2.71906 -1.62656 
-1.79367 1.74277 1.10248 
0.299361 -2.90034 -1.11184 
0.607569 -1.62775 -6.21457 
1.30353 -1.96541 4.96093 
-0.00636122 2.3226 5.02604 
-1.63375 3.10989 -0.606629 
1.18961 -2.98228 -6.09095 
-0.224316 2.90496 -3.78694 
0.0984738 -0.43123 0.177291 
0.35603 -0.0125983 0.211345 
0.928574 1.4502 2.48853 
-1.40035 1.69559 1.75301 
0.433097 -2.7744 -1.00439 
-3.44318 -1.5803 -2.33439 
-1.74357 0.0650167 4.55833 
5.04493 -1.86689 -2.99986 
1.25431 -1.88185 -3.40506 
0.318098 -2.71397 0.219666 
0.535552 -1.90403 0.110604 
-1.78775 -1.02859 -0.314744 
5.40337 -1.84244 -2.12016 
0.152685 -2.00309 -1.19615 
-0.738994 1.32822 2.27014 
2.4899 0.601638 1.52809 
-1.84646 -1.77249 0.94479 
1.12414 -0.435652 2.43945 
0.728654 1.84065 2.52262 
2.49787 1.01824 -5.58142 
0.677225 1.06115 -0.0945225 
0.679435 1.26453 -0.0999616 
5.44758 2.3119 1.16443 
1.63147 -2.65475 2.23319 
0.367345 -0.456336 -3.71233 
5.11305 2.08629 2.0355 
-2.19291 -1.27705 4.31291 
0.33781 0.875169 0.215853 
4.91095 -0.884432 2.41387 
5.45951 0.00531031 -1.93065 
0.724663 1.91956 -0.428981 
0.00201633 2.10788 -1.25599 
-1.1696 1.18347 1.98027 
-0.676702 -0.782567 -1.28325 
2.45863 -2.19036 -2.42447 
-1.92111 -0.325776 0.257982 
-1.64883 1.56372 -0.583259 
4.6562 -2.61663 -3.65797 
3.12082 -1.29948 -0.935919 
-0.306896 -1.81186 -1.31309 
-0.783501 -0.197649 -1.25539 
1.29409 2.63508 -3.3849 
-1.90562 1.63832 0.671503 
3.12969 -1.26845 -0.881169 
0.0811143 0.771359 0.16441 
0.662006 -3.07827 -0.677185 
-4.40697 -1.78295 0.685291 
5.24536 1.71344 -2.55934 
-1.78468 0.475186 1.12572 
2.23508 2.19675 1.80085 
-0.101689 1.93123 -1.28422 
3.41856 -2.81811 -4.98268 
-1.36122 1.59496 -3.66761 
0.738164 -0.263923 -3.61473 
0.527028 1.6596 0.118145 
0.0647559 -1.8437 2.52271 
-1.35645 1.15829 -0.929885 
-1.92111 0.462086 0.258036 
0.16308 1.76176 0.208968 
0.683792 -1.88013 -0.11113 
2.91732 -1.71719 -1.63935 
-0.557035 -0.0104271 -1.30412 
-4.38482 2.31723 -0.126888 
-0.702604 1.59072 -3.77868 
-1.6575 -0.660211 1.3918 
-0.41442 2.45567 -1.315 
-3.71702 0.125277 -1.96364 
0.123179 -3.05796 0.192028 
3.40315 2.88981 4.06975 
-0.481354 -1.91741 -3.79 
-1.86756 -1.67321 -0.0743337 
2.06831 -1.96633 -2.84646 
-1.59234 -2.47202 -0.666814 
0.900125 -0.25216 2.49436 
4.90135 1.87146 2.4302 
2.71655 -3.10369 -2.04394 
0.0299124 -1.57394 0.105937 
5.54173 2.57845 -1.59626 
2.75942 -1.01617 1.13852 
1.41992 -0.181874 -3.31699 
4.33841 -1.23463 -4.08194 
-0.0209066 2.05981 -1.26308 
-0.220278 -2.72618 -3.78675 
-1.68115 1.41676 -0.53015 
0.980018 -2.30634 5.00886 
5.24832 2.72843 -2.55204 
-3.37869 1.44117 3.27612 
0.642868 -2.60251 -0.719695 
-2.67335 0.419133 -3.05246 
-1.92575 1.73785 0.380508 
0.654627 -0.969754 -0.0457415 
0.0217301 -1.62596 0.091103 
5.6118 2.85839 -1.20332 
0.715089 -2.17762 -0.499203 
5.52817 2.20936 -1.65784 
-4.41437 -0.304629 0.52827 
-0.302015 2.1723 -1.31279 
3.16092 -3.0569 -0.20605 
-2.0508 0.507851 4.39728 
0.077403 -1.96031 0.16133 
-4.21883 1.78855 -0.901313 
-0.149816 1.62889 2.48467 
-0.750942 -1.77442 2.26386 
1.49874 -2.42879 2.29898 
0.615658 -2.93388 5.03771 
-3.69746 2.0643 2.83621 
-4.3889 -0.215244 -0.0918776 
5.02507 0.667504 2.20906 
0.682147 1.61195 -0.106841 
-2.28021 -0.867899 -3.3007 
-1.90742 -2.14379 0.658763 
-0.586807 -2.47444 -1.29994 
-0.0639608 -1.48947 2.50223 
4.83671 1.37745 2.53689 
5.6113 -2.75847 -1.20677 
-3.29203 -2.66054 -2.50694 
-0.984354 -0.0359342 -1.17793 
-0.138194 -2.46161 -3.782 
0.678944 0.994967 -0.633607 
3.14208 0.133981 -0.0038737 
0.31879 -1.75099 0.21955 
2.80712 2.09504 1.05283 
0.426032 0.00997309 0.184987 
0.0437239 0.740917 0.126122 
3.33929 2.082 -5.04409 
2.20272 -0.692886 4.71203 
5.66698 0.750241 -0.249603 
2.72526 -3.06569 1.19606 
-1.22616 1.68713 -1.03494 
0.257829 3.08297 -3.73344 
-3.31799 -2.54122 3.34889 
-1.75228 0.726639 1.2033 
4.25923 -0.350107 3.30469 
0.106377 0.281138 0.182421 
3.84463 -2.53908 -4.61326 
0.179203 -1.68113 -1.18301 
-3.35087 -1.07868 3.30984 
0.92038 -1.85231 -6.15539 
5.50993 -0.599102 -1.73605 
-0.289343 -0.536856 4.99503 
-2.75848 1.32035 -2.98986 
5.45845 -0.440903 1.12644 
-2.09687 -0.230765 4.37064 
2.93044 -2.78145 0.793097 
1.97327 1.75307 -2.93041 
1.30548 0.148174 2.37939 
5.6598 -0.688131 -0.721186 
4.03835 -1.54199 -4.42003 
-0.986317 0.456209 4.84691 
-4.41108 0.395367 0.612875 
-4.41426 1.84606 0.264636 
-4.41585 -1.54844 0.336879 
-1.86796 0.185784 -0.0727844 
3.13929 0.944653 0.0177026 
1.20029 -1.68272 2.41598 
0.651092 -1.39345 -0.039016 
5.25271 0.782025 1.723 
0.916805 -0.84759 -3.55249 
5.62227 -1.23609 0.325868 
0.0723964 0.657566 0.156967 
2.5057 2.76716 -2.36277 
0.0814177 1.30756 0.164656 
-1.08383 3.11895 4.81762 
0.996368 -0.272918 5.00695 
-1.6117 2.14817 -0.639377 
1.03287 1.85886 5.00248 
2.13339 1.4854 4.7376 
-1.18643 1.29735 1.96578 
5.26553 -0.115771 1.69145 
0.0383715 -2.95241 0.118863 
5.61879 -0.0985426 0.352247 
2.90319 -2.22974 -1.67293 
-1.01845 0.878603 2.09845 
2.92023 0.558014 -1.63232 
3.4958 -2.35404 -4.92077 
0.603053 -2.57497 0.0364738 
0.106051 1.27223 -6.27553 
-1.2665 -1.20987 -3.69088 
2.89418 0.805948 -1.69381 
0.447108 1.57431 0.174081 
4.56915 -2.33269 2.92815 
0.176431 -2.08297 0.213075 
-2.3267 2.92459 -3.27458 
0.404119 3.04493 -1.0308 
3.08609 -2.33947 0.309669 
1.51456 -2.62252 2.2916 
0.00143904 -0.786436 0.023956 
0.816723 0.420907 5.02506 
2.78329 1.32221 1.09648 
-0.593437 -2.19923 -1.29892 
1.58906 0.511921 2.25519 
0.720182 2.65687 -3.62043 
0.0499745 2.55062 0.133881 
-4.34893 -0.590768 1.16876 
-1.76888 2.59455 -0.3588 
2.69353 2.88486 4.49751 
4.85018 -2.74442 -3.35393 
-3.6949 0.0313006 -1.99699 
-1.38319 3.13443 -3.66185 
1.90478 0.128917 -2.98725 
-0.497368 2.09581 -3.78961 
1.38484 0.955061 2.34849 
2.15979 0.481417 1.86908 
-0.768309 -2.07205 -3.77283 
0.0252283 3.03049 -1.2483 
-4.31086 0.0960441 1.36077 
5.22423 -2.05163 -2.61072 
-1.80423 1.29759 1.0741 
-1.50811 2.59048 -0.774235 
2.89073 -2.63954 4.39365 
-4.29876 3.09968 -0.610105 
-1.16011 -2.09423 4.79317 
0.721411 -2.14239 -0.458477 
5.09747 -0.750596 2.06737 
-1.40654 -0.220013 1.74593 
0.337309 2.1747 2.54374 
-2.72465 -0.646702 3.93252 
0.541634 -3.06204 0.105009 
0.267962 -1.88145 0.224364 
0.0431989 0.46663 0.125437 
0.583888 3.08889 -0.824248 
2.55532 -0.0275301 -2.29444 
-4.21346 -1.07041 -0.918375 
0.571565 1.11888 0.0745899 
-1.64493 -1.38597 -0.589396 
-1.614 -1.06361 1.46508 
0.0560584 1.11203 -1.23726 
-4.38933 -0.434597 -0.0880391 
3.15925 -2.03749 -0.614249 
2.77905 -0.513771 4.45378 
-1.14164 -0.661735 -3.71775 
1.65157 -0.983136 4.88533 
2.41564 0.881854 1.61514 
1.90489 2.91641 4.81409 
4.45684 -2.78394 -3.93303 
0.00927049 1.35216 0.0603048 
0.465695 0.989334 0.163225 
-0.97262 0.108734 -1.18341 
1.95786 -0.323411 2.02987 
2.58911 -0.156282 1.39989 
-3.37843 -0.949236 -2.41069 
-1.7334 2.20643 -0.433816 
2.88919 -0.211915 0.887376 
0.429643 2.38414 0.183221 
0.856485 1.87314 -3.57467 
1.44126 2.61694 -3.30481 
-0.705754 2.32179 2.28714 
0.0552935 2.81776 -3.76363 
-1.27647 -0.611422 -0.997043 
1.09625 -1.45479 2.44742 
-1.03365 -2.07614 2.08746 
0.013698 0.425958 -1.25219 
-1.85468 2.67375 0.915637 
0.239486 0.444495 -1.14982 
4.29851 1.07625 3.26066 
1.50418 1.06473 -5.99922 
0.695106 -0.699401 -0.143533 
-1.92065 -2.38275 4.46894 
-1.82554 0.845222 1.01248 
3.11787 1.52524 0.155019 
1.95662 -0.220191 -5.83441 
5.60071 -0.38141 0.476336 
4.21391 0.288161 -4.22854 
-1.5957 0.580205 -0.662143 
-4.36436 0.525932 1.07517 
2.24467 -1.16768 1.7918 
1.14355 0.116283 2.4337 
-0.939322 1.12209 2.15268 
4.93605 -1.26132 -3.20487 
1.68554 -2.49848 4.87658 
1.51935 -0.559993 2.28935 
-1.12564 -2.00886 -1.10175 
0.727497 -2.78296 -0.382997 
2.90392 -1.31411 -1.67121 
-3.29979 -0.358861 3.37013 
1.09659 0.920976 2.44733 
2.29224 1.49688 -2.62177 
1.214 -2.64024 -3.42486 
1.79348 -1.8993 2.14014 
1.94114 -0.996205 2.04188 
1.77926 -2.93151 -3.08418 
-0.751489 0.96747 -1.26467 
-3.73479 -2.95159 2.77682 
-2.69309 2.56408 -3.03824 
0.707996 -1.18444 -0.534009 
-4.41615 -1.46398 0.432162 
3.09798 2.80996 0.25635 
1.32185 -0.55648 2.37326 
0.687547 -1.77288 -6.20101 
3.16284 2.05667 -0.240918 
5.26972 -1.00121 -2.49833 
0.247584 0.86928 0.224173 
0.398 -0.79735 0.197307 
3.51534 0.799444 3.98721 
0.813012 -2.1851 2.51019 
-0.813318 1.26004 2.22966 
-3.82982 -2.52739 2.61589 
3.65433 -2.57741 -4.78695 
5.54661 -2.10107 -1.57326 
-3.59285 -0.00738302 2.99279 
-4.04225 -2.87795 2.18863 
5.32059 2.88346 -2.36394 
0.306437 -0.491445 0.221402 
5.37052 -3.08929 1.40886 
0.434504 3.08546 -1.00306 
5.28861 0.448783 -2.44961 
0.622631 -1.1215 0.00875789 
2.79067 1.03378 1.08314 
-4.41092 -2.76438 0.616149 
-1.37406 1.84899 1.78244 
2.56755 1.5749 -2.27703 
1.70472 1.986 4.87154 
0.240664 -0.635428 -1.14913 
-3.71913 1.82403 2.80197 
2.22382 -1.44591 1.81137 
-1.55986 1.12405 -0.710409 
1.27397 -1.69657 -6.06812 
2.73259 2.08746 4.47778 
-0.859618 -1.39516 -1.23001 
4.31081 2.86107 3.24667 
-1.56402 -0.204354 -0.704979 
-3.08699 1.72537 3.601 
0.153811 -0.215186 0.205686 
1.16471 -1.46918 2.42725 
1.54254 0.118632 2.27825 
-4.40285 -1.86443 0.743014 
-1.13263 -1.7808 2.0111 
-0.403509 -0.812526 2.41351 
5.661 -2.98109 -0.699254 
-0.914244 2.07457 -1.20886 
-0.180118 2.65891 -1.29931 
1.70765 -2.34553 -5.93006 
-0.730758 0.457331 4.91345 
2.26494 -1.84936 1.7724 
2.48884 -0.967778 1.52939 
4.80264 -3.09588 2.59098 
2.5088 1.45291 1.50478 
-3.68809 -2.79154 -2.00711 
3.1559 -0.678955 -0.658629 
2.47172 1.66592 1.55005 
1.78343 1.67117 4.84999 
-0.646604 2.08886 -1.28952 
-0.684283 -1.40149 2.29777 
1.87154 -3.00587 -5.86849 
3.26319 1.92072 -5.1011 
1.09445 -1.12475 2.44793 
-0.62067 -1.0819 -3.78438 
1.33751 -0.775921 -6.05007 
1.17501 -0.0156749 -6.09477 
-1.2221 0.79042 4.77227 
-0.78225 1.67217 -1.25577 
5.08714 -1.34657 -2.91472 
-1.44251 1.99143 4.69039 
0.268478 -0.52612 0.224353 
0.556381 0.349391 0.0906476 
-1.35397 0.687669 -0.932101 
0.00567067 0.69654 0.0473444 
0.619471 -0.346209 0.0134768 
5.66828 2.77883 -0.311938 
1.42562 1.88255 4.93729 
-2.50654 2.24881 4.10194 
0.147418 -0.414845 0.203204 
-2.66653 1.10048 3.97966 
-4.41368 2.84213 0.246979 
3.96725 2.14811 3.60406 
-0.306842 -2.90222 -1.31309 
-2.25218 -0.963447 4.27574 
-4.14601 -1.332 1.92791 
5.65013 -2.12692 0.062098 
5.45034 0.636895 1.15486 
-1.67373 2.33292 -0.542733 
-1.85262 -2.55156 -0.129137 
-3.94669 2.51475 2.39471 
-3.87847 1.41292 2.5273 
-4.18975 -3.02857 -0.990913 
-1.91267 0.0828458 0.168259 
-1.23093 -3.10717 -1.03148 
-0.0408393 2.73428 -1.26885 
-2.01152 -0.71932 -3.4363 
0.895671 -3.0819 5.01789 
-4.35915 -2.17995 -0.307974 
-4.22232 0.325488 -0.890102 
5.62967 2.30329 -1.06613 
3.02313 1.10542 -5.26918 
2.29913 -1.13484 1.73878 
0.40973 -1.94463 -1.02584 
-0.866317 1.79037 2.19861 
0.726724 1.42111 -0.317098 
4.71649 2.58286 2.72182 
-1.6511 -1.88345 1.40301 
0.726606 -0.962174 -0.31504 
-3.40693 0.547925 -2.37757 
-4.39842 1.5918 0.00213276 
0.180548 -2.44523 0.2142 
2.1701 -2.02043 4.7242 
2.84955 -2.929 0.970506 
0.824983 -0.726432 2.50819 
2.96479 -1.68819 4.35182 
-1.68828 1.1776 1.33554 
-3.98534 2.56607 2.31455 
-1.87481 2.27637 -0.0450281 
-0.818421 -2.97299 -1.24433 
-1.77351 -2.56436 1.15346 
0.694407 -2.01466 -0.586221 
-4.30916 1.67842 -0.565157 
-1.86011 1.97644 0.895443 
0.0558394 -0.0791447 0.140567 
3.09806 1.86497 -1.05556 
-0.0687458 -2.24963 -1.27631 
-1.61739 -2.83346 -0.631086 
2.943 2.55008 0.762534 
0.724252 -1.23554 -0.285279 
-2.69695 -1.68189 3.95517 
1.7612 1.07049 4.85621 
-0.913552 -1.74968 -1.20914 
0.572985 -1.18652 0.0730169 
0.494437 -2.062 0.143979 
-0.113293 -1.27083 -3.7802 
-2.61922 0.0842794 4.01693 
0.725946 -2.68902 -0.304967 
3.54976 0.19326 -4.87627 
2.2447 0.73575 -2.673 
0.089619 -0.996544 0.171017 
-1.72946 0.443599 1.2532 
1.35809 -1.06527 4.95075 
-0.144851 -1.34564 -1.29317 
-3.96736 -0.68815 -1.52741 
-1.89664 -0.662188 0.0599253 
0.179946 0.375078 -6.26912 
5.32856 -2.263 1.52756 
-3.45413 -0.184767 3.18135 
0.146884 -2.29919 -1.19891 
3.11621 0.517733 -5.20606 
2.23855 1.55525 -2.67948 
-4.08896 3.01874 2.07698 
0.337691 -2.48541 0.215879 
3.09275 -2.61199 -1.0804 
0.226622 -2.26763 -1.15731 
-3.51578 1.29085 3.09999 
0.719291 0.4738 -0.246363 
0.55617 -1.97867 2.53933 
-1.77928 2.80502 -0.334923 
-1.92883 0.436141 -3.47303 
-1.46361 2.41801 -0.824332 
0.536291 -2.28719 -0.890946 
0.375751 1.4217 0.205391 
0.590964 3.10714 0.0519536 
-3.24892 2.17587 -2.55277 
-0.0192555 2.04121 -1.26259 
0.448443 -1.76347 0.173341 
0.755108 0.846128 5.02979 
2.73375 -3.12688 -2.01409 
-2.8587 -2.30837 3.8178 
4.30782 0.790313 3.25008 
-1.91638 -1.25934 0.582857 
-4.37768 0.349937 0.98224 
2.61237 -0.74517 -2.21122 
-1.82114 -0.511716 -0.227341 
-1.85173 -1.47199 0.92629 
-3.02074 1.65852 3.66693 
0.212647 -0.537255 0.220855 
1.87923 -1.64551 2.08474 
-1.70171 1.78947 1.30967 
0.117372 -0.219709 5.0345 
1.84181 1.59458 -5.88006 
3.34383 0.0532736 4.1116 
1.46736 2.64374 4.9285 
5.02587 1.87556 2.20755 
-0.851629 -0.712179 -1.2329 
2.2647 -0.277871 -2.6517 
-0.943846 -2.16574 -3.75159 
-0.608448 1.76817 -1.29648 
-1.90107 -2.68767 0.0858492 
0.609959 -2.34625 0.0270972 
-1.89763 1.66964 0.0655406 
-1.73016 -0.190675 -3.55227 
-4.38817 -2.623 -0.0983102 
2.21178 -2.44015 1.8225 
-1.11995 0.68588 4.80621 
-1.90311 -1.11835 0.0986134 
-3.36575 -0.301792 3.29189 
-1.80332 -1.13746 1.07658 
3.01888 -0.656465 -1.3594 
2.76799 2.85584 -1.95249 
4.24729 -1.92567 3.31789 
2.05267 -2.18584 1.95814 
0.644749 -2.68263 -0.0274405 
3.16406 -2.08042 -0.267879 
-1.38868 -2.96572 4.71151 
-4.33828 -2.47539 1.22712 
0.484495 -2.76218 -6.23336 
2.43976 2.26752 1.58762 
3.6233 2.42288 3.90335 
1.04251 -2.99732 -6.12773 
0.50546 0.495136 0.135747 
0.568296 -0.131844 2.53853 
-4.41306 2.98974 0.229654 
0.704051 1.36757 -0.550655 
0.692007 -0.767264 -0.134093 
0.690773 -1.74183 -0.598232 
-3.8837 -0.260934 -1.68708 
-4.34009 -0.455224 1.2175 
-4.41577 1.4966 0.331298 
0.649709 2.14352 -0.705161 
-4.40804 0.396326 0.668353 
1.13914 -2.90529 4.98793 
3.31248 3.08613 4.13322 
0.203179 -1.26033 0.219269 
-2.13163 1.82352 4.3501 
3.14588 2.52098 -0.0352576 
1.14759 -2.62249 -6.10185 
-1.37513 3.02463 1.78126 
0.542579 1.03903 0.104123 
-1.80592 -1.18128 1.06943 
3.85903 -3.00721 3.70389 
4.8647 2.68123 2.49137 
2.65093 -2.8152 -2.1518 
-1.18728 2.70386 4.78412 
2.09763 -0.27633 1.92185 
-0.523706 -2.73751 2.36905 
-0.299345 2.50321 -1.31262 
0.29368 -2.74793 0.222857 
-3.99784 -1.66273 -1.46481 
1.94691 2.5668 4.80091 
0.471983 -1.40385 0.159277 
1.12855 2.2217 -3.46479 
0.294364 0.170504 -1.11522 
0.717841 -0.149913 -0.483113 
4.95509 -0.253779 -3.1704 
3.03168 -1.44601 0.512206 
3.16251 2.81623 -0.559744 
0.235805 -1.52489 -3.73727 
5.35662 2.06257 -2.26216 
3.14959 -3.03979 -0.726339 
1.95383 0.696514 4.7987 
0.667768 1.71085 2.52986 
-1.03372 0.717474 4.83295 
-3.92768 -0.674034 -1.60522 
3.85543 0.0568742 -4.60294 
2.25619 0.520312 -5.70236 
0.472967 -0.634227 0.158646 
-0.243718 2.15585 -3.78778 
-1.81975 -1.63983 -0.231269 
2.95898 -1.72736 -5.31124 
-0.654863 2.67139 -1.28787 
0.00619308 -0.226508 -1.25465 
1.34658 2.05619 2.36375 
-1.03977 0.312103 4.83113 
2.04411 0.123011 1.96488 
-0.399177 3.01911 2.41498 
-1.65712 2.39163 1.39246 
0.799949 0.802829 -6.18014 
0.601922 -1.97475 -6.21549 
2.79169 1.20153 4.44715 
-1.27453 2.43588 -0.99856 
-1.62411 0.79314 1.44864 
-1.51651 2.23086 1.60885 
1.8061 -1.32507 -5.89372 
0.019345 0.296884 0.0861802 
0.144172 -1.13904 -1.20019 
0.967316 -0.154765 5.01031 
2.17926 -0.390098 1.8519 
3.0502 -1.77434 4.30159 
0.146803 -1.94454 0.202956 
0.921423 2.15965 5.01529 
0.700571 -0.52392 -0.161499 
2.61653 1.99636 4.5352 
0.0943566 -0.355504 0.174446 
0.0620877 -1.99025 0.147148 
0.670908 3.10976 -0.655134 
-1.65901 -1.0187 1.38913 
3.02442 -0.466394 -1.34151 
-0.0318023 0.912605 -1.26628 
-1.35698 2.82749 4.7236 
2.47698 -0.263679 -2.40076 
0.0506639 2.87685 -6.27975 
0.905486 0.246182 -3.55675 
1.01761 -0.711033 -3.51269 
-0.768434 1.17778 -1.25986 
4.26926 2.5837 -4.16454 
0.0532907 1.79241 2.52116 
0.703819 1.34905 -0.17314 
1.83719 -2.98409 -5.88184 
4.17164 1.47494 -4.2762 
0.374865 -1.85303 -1.05555 
0.684059 2.19077 2.52806 
-1.4197 0.174982 -0.869964 
-0.555983 1.51076 -3.78762 
0.0501044 -0.467053 0.134034 
2.25482 -0.273547 1.78213 
0.516404 -1.42261 0.127071 
-1.9791 0.765132 4.4374 
5.66492 0.723637 -0.185472 
0.560559 3.09091 -0.858426 
5.42002 -2.36019 -2.06638 
-4.23717 -3.05216 -0.841095 
-2.16452 -0.747864 -3.36222 
1.00945 -2.97641 2.47015 
-3.81345 -1.63183 2.64469 
-3.90007 2.06262 2.48646 
-0.546008 -0.389212 -3.78802 
5.17595 1.20793 1.90116 
3.74885 -2.45037 -4.70255 
-1.30769 -1.84214 1.85229 
0.62043 1.2429 0.0120554 
2.59308 1.90221 4.54637 
4.72519 2.67786 2.70897 
-1.14172 -1.41738 2.00364 
3.16665 -1.32345 -0.412862 
-1.37889 -3.13572 -0.90936 
0.650218 -2.82491 2.53167 
0.534473 1.87405 -0.893273 
1.38456 -0.874703 2.34861 
-1.82057 1.21961 1.02741 
-3.32397 -1.33691 3.34185 
4.51323 0.755266 3.00141 
1.38601 -3.06487 -3.33593 
-1.60834 -2.67353 1.47414 
0.692549 0.142625 -0.135711 
5.55457 1.53855 -1.53473 
1.68201 -2.88348 -3.15336 
1.2975 2.41659 -6.06152 
-1.09764 -0.533454 4.8133 
2.39665 2.01756 -2.50151 
-4.40459 1.4634 0.0775856 
-4.04593 3.06329 2.18014 
-0.99915 -2.67037 2.11213 
-2.59803 -3.10754 -3.10506 
4.03256 -1.96875 3.54107 
2.41824 1.38519 -5.62275 
-1.85133 -1.51686 -0.133598 
2.8361 0.898018 0.997293 
-2.88964 -3.0022 -2.88642 
0.00174895 -1.2611 0.0264014 
4.49125 -0.725035 3.02951 
-2.1886 -0.0565761 -3.34981 
0.730502 0.115942 5.03147 
0.718696 0.192266 -0.477676 
-0.666058 -1.36704 4.928 
-0.243205 0.853779 -1.30776 
-0.864255 -1.86314 -1.22831 
-3.58051 -0.856369 -2.15919 
1.36694 2.47215 2.35572 
3.56288 -3.10105 -4.86529 
0.317661 0.524183 0.219738 
5.2366 -2.0647 1.76185 
-1.31109 -2.85575 1.84886 
4.78622 1.49462 2.61655 
0.360879 -0.575667 -3.71367 
0.112712 -0.421462 -1.2144 
-0.660305 0.161584 -1.28675 
-3.32362 -2.77925 -2.47245 
-3.78554 1.94959 2.69272 
3.61271 2.14817 3.91178 
1.00438 -1.60023 2.47138 
-0.523463 -0.518178 -3.78884 
0.25249 0.0494794 0.224333 
0.308047 2.6974 0.221185 
2.96355 -1.84909 -1.52154 
5.66895 -0.406116 -0.399055 
1.07029 -0.817813 -6.12108 
3.13484 1.50637 -0.846266 
1.91636 -1.42403 2.05933 
0.632255 -1.1388 -0.741019 
0.15757 -0.644541 0.207061 
0.767413 1.48237 2.51726 
0.733423 -2.22193 2.522 
-0.0950458 -0.57856 5.01807 
5.66734 -1.35494 -0.533998 
0.670128 0.381415 -0.0779655 
-4.40758 2.83789 0.121587 
0.594949 -2.84159 0.0469754 
0.339414 0.637064 -1.08325 
-4.35799 1.49859 -0.315046 
-3.51926 2.40816 -2.23973 
2.70156 -3.10263 -2.0694 
7.92919e-05 0.825386 0.0056313 
-3.1066 0.823195 -2.69464 
2.67239 -2.07066 -5.48552 
0.724368 -1.65876 -0.432144 
0.710256 -0.893987 -0.199075 
-1.88019 3.02043 0.811938 
-0.534639 1.20473 2.36464 
-1.84269 2.80198 -0.162286 
0.697241 3.13697 -0.150337 
2.89703 0.97165 0.870118 
-3.77508 -2.12528 2.71039 
4.26362 0.0505436 3.29982 
-0.783102 -2.43563 -3.77136 
0.449663 -1.98419 2.54382 
-4.15197 -1.9279 1.91139 
-0.12354 -2.49247 5.01518 
2.69727 -3.04575 1.24108 
-2.58552 1.94224 -3.11356 
-1.88048 -2.63531 0.810602 
0.722745 0.760395 -3.61963 
0.555082 -1.96388 -3.66807 
-1.34142 0.624098 4.72945 
-2.74747 -2.69422 3.91359 
3.30452 -1.00255 -5.07037 
4.53693 0.771289 2.97068 
-0.58556 -3.12264 2.34327 
0.603815 -2.51673 -6.21518 
2.0338 2.24903 4.7724 
3.81333 -2.5051 -4.64287 
-4.36396 -1.85951 -0.277822 
-0.969099 -0.943793 -1.18503 
2.62769 1.37048 -5.5108 
0.416316 -1.02841 -3.70178 
-1.47611 0.982254 1.66186 
0.308866 -1.24388 -3.72402 
0.764916 -3.058 2.51762 
0.112148 2.56121 -6.27503 
0.318401 -2.04687 -1.09859 
5.66567 1.68669 -0.591993 
-0.0855623 1.27585 -1.28047 
0.0743633 1.23661 2.52396 
1.71579 3.02445 -3.12988 
3.16055 0.459114 -0.594302 
2.34997 0.759026 4.65394 
0.469362 1.57336 0.16094 
3.12261 2.81029 0.12784 
5.66895 -1.67174 -0.399789 
3.15115 1.78832 -0.0841692 
-1.99547 0.914845 4.42838 
0.178818 -0.274914 0.213735 
-3.67274 0.0333619 -2.02971 
-1.60341 2.43504 -0.651261 
-1.75005 0.702975 -0.399751 
0.00120912 3.00451 0.0219643 
-0.130258 -0.854418 2.48895 
2.83479 -3.13254 0.999865 
-1.78398 2.9792 1.12748 
0.497329 -0.284131 -3.68279 
0.653722 1.56753 -0.696312 
2.09542 2.58771 4.75114 
-1.69143 -0.357221 1.32956 
-4.21999 -3.10077 1.70639 
-1.90637 -2.37427 0.666237 
2.68904 -0.0342496 -2.09027 
0.278695 -1.43036 0.223969 
0.713731 2.83647 -0.215251 
5.31613 2.39101 -2.37614 
-1.29054 -1.95284 -0.985867 
0.725358 -0.405423 -0.420906 
0.288287 -2.84023 -1.11927 
4.97615 2.52511 -3.13162 
-2.97835 -1.94166 -2.81131 
-1.48244 -2.42577 1.65377 
5.24219 1.33401 1.74847 
0.63133 1.40231 2.53348 
0.704092 1.20253 -0.550488 
-3.5639 1.57646 3.03382 
-1.27069 0.391508 -1.00156 
-0.421035 -1.25489 -3.79085 
-0.350855 2.84214 -1.31493 
0.0844136 3.0888 0.167045 
0.676642 -1.15767 -0.639952 
5.60166 -1.37601 0.470243 
3.1635 2.52561 -0.254833 
3.44822 0.19265 4.03714 
-0.316794 0.747064 2.44118 
4.13266 -1.59881 -4.31925 
2.48043 -0.671327 1.53959 
2.01822 -0.872552 -2.89147 
-1.42494 -3.10089 1.7245 
0.0114406 -2.33001 0.0668382 
0.469827 0.985005 -0.967861 
4.02919 1.13618 3.54437 
5.38766 -1.81565 1.35778 
-0.246089 -2.15726 -3.78788 
5.36117 0.259294 -2.24888 
-1.1964 2.64838 1.95706 
2.97619 2.90592 0.676749 
-2.38511 -2.04117 -3.24059 
-1.83595 -2.1871 -0.18355 
2.16377 -2.95361 4.72654 
-0.545811 -0.045958 4.95266 
0.165996 -1.76338 2.53401 
0.72741 2.11947 -0.332113 
-1.45287 -1.03154 -3.64267 
3.13976 1.26896 0.0141138 
0.70657 -0.246191 -0.183693 
0.305174 0.739103 -1.10785 
0.645874 -1.05985 -0.71339 
2.7592 2.91435 1.13889 
0.549049 3.07132 -0.874201 
0.41377 0.605377 0.190676 
5.65276 -0.601992 0.0287483 
0.692388 -1.25264 -3.62904 
-4.16743 0.815432 -1.05548 
-1.76421 1.21182 -3.53957 
-2.43257 2.36528 4.15497 
3.13877 -2.50714 0.0215388 
-1.71411 0.543932 1.28495 
-4.1804 1.99493 1.82961 
3.72796 1.66692 3.81768 
2.60503 0.947572 1.37788 
0.721495 -1.29934 -0.261622 
3.00483 -0.329263 -1.40329 
-1.50441 -2.00357 1.62509 
-2.27876 2.23923 4.25868 
0.389901 -0.0288145 0.20042 
-1.4825 2.04395 1.6537 
2.21162 -0.0517954 4.70866 
5.48581 2.52972 -1.83264 
0.0549136 -1.34632 -6.27945 
2.17581 -1.40661 1.85497 
5.66526 -2.10378 -0.603737 
5.65075 1.83593 0.0545123 
-1.13677 -1.77183 -1.09489 
-1.72627 0.484013 1.25991 
-3.5724 3.01243 3.02186 
5.21562 -0.633463 1.81125 
0.633542 0.815588 -0.738505 
-4.39054 0.638623 -0.0770421 
0.0166944 -0.553019 0.0802875 
0.445063 -1.39699 0.175204 
0.659375 -2.20325 -0.0551117 
1.36014 -0.988285 -3.35006 
-3.36221 -1.43093 -2.42922 
0.2155 -2.14694 2.53802 
2.28865 2.37403 1.7492 
0.575547 -1.91227 0.0701469 
-1.54658 0.744476 -3.61466 
-2.69926 -0.297355 -3.03377 
-1.52716 -0.519801 -0.751477 
1.84871 -2.47235 -3.03166 
5.13039 -1.42338 1.99939 
0.274643 2.06113 -1.12817 
0.26174 2.9622 -1.13633 
1.48226 1.69057 -6.00621 
0.965229 -0.837201 -3.53381 
4.8924 -2.36451 2.44529 
3.12281 2.5233 -0.92414 
1.86034 1.00414 4.82763 
5.13426 1.39576 1.99125 
3.96422 2.71473 3.60693 
0.121932 -0.34308 0.191372 
5.40036 -1.04031 1.31882 
-0.408106 0.369172 2.41195 
2.83146 0.67415 -1.82943 
-2.66724 -1.70673 3.97909 
0.00551689 -2.8845 -3.76932 
-1.89344 -2.34038 0.042404 
0.888395 -2.50305 -3.56309 
-1.47367 1.34944 -3.63667 
2.01356 0.617575 -5.81077 
0.543293 2.05661 -0.881848 
0.725654 -0.644577 -0.417141 
-0.756832 1.69622 -3.77394 
3.36991 -2.47073 -5.02062 
0.00391457 -0.600216 0.039409 
0.5433 -1.12226 0.103444 
3.16574 2.39591 -0.474501 
0.744103 -2.71041 5.03055 
-4.08906 1.43786 2.07673 
0.0431269 2.12235 2.51975 
0.299411 2.46928 0.222261 
2.82941 0.841676 -1.8336 
-0.0698596 -1.93847 -1.27659 
-3.97987 -2.46543 -1.50204 
5.21474 -2.5498 1.81328 
-4.19369 -1.78235 -0.979143 
3.11536 -1.17348 -0.966937 
0.411179 -1.3626 -6.24335 
0.727446 -0.0853158 -0.384552 
1.00499 0.177314 -3.51787 
-4.41282 -2.83049 0.573442 
1.40562 -2.40037 2.33992 
2.28363 1.19929 1.75416 
5.41006 0.193471 -2.09877 
1.46142 -1.59564 2.31589 
0.721285 0.330806 -0.260057 
-1.89362 1.73806 0.744936 
0.353415 1.61851 0.21205 
1.5309 -1.18793 2.28386 
-1.78395 -2.14039 -0.323888 
5.37256 -1.15181 1.4029 
5.65923 1.28005 -0.731111 
0.442924 -2.56102 2.54396 
-2.83913 -1.48768 3.83509 
-0.584479 0.206054 -3.78633 
3.00687 -2.29985 0.589629 
-1.87534 1.67601 0.833592 
2.24487 0.794677 -2.67282 
-0.449748 1.02879 2.39727 
0.0845555 -1.75479 0.167156 
0.452493 2.44988 0.171058 
2.23021 -2.89282 -2.68821 
2.42696 -1.82849 1.60231 
5.66673 2.80852 -0.557626 
0.213014 -0.0483987 -1.16498 
2.67096 2.07387 1.28181 
-1.23801 -0.724306 4.76676 
-1.87274 0.967962 -0.0535974 
2.84773 1.80313 0.974179 
0.0196195 0.171646 0.0867636 
-3.39032 1.86473 -2.39695 
-1.48187 -2.93744 1.65451 
-1.22109 -0.469956 1.93503 
0.630813 -1.55857 -0.00395356 
5.437 -2.34207 1.20043 
2.44131 -1.34402 -5.61093 
0.00605759 1.42855 0.048913 
-0.398717 -0.302899 2.41514 
0.392312 2.06698 0.199514 
1.35279 -2.33219 -3.35402 
-0.434069 1.27627 -1.3144 
2.53446 0.720494 4.57367 
2.23837 0.288785 1.79775 
4.9573 -1.68787 2.33315 
-0.938473 -1.28647 -1.19866 
5.13623 -1.76727 -2.8111 
-0.704749 2.88498 2.28764 
0.065264 -0.0164055 0.150303 
3.45929 0.98461 4.02901 
3.15175 -0.811877 -0.704831 
-2.69034 0.147798 3.96053 
5.13709 -2.6587 1.98527 
2.35723 -0.651116 1.67896 
0.567621 -1.43758 -3.66475 
-0.622099 -1.42986 4.93738 
0.00207266 -2.05854 0.0287312 
-2.81793 0.954931 3.85361 
-3.89248 3.12518 -1.67108 
0.400326 -1.66395 2.5444 
-1.97453 -0.858131 -3.45301 
-1.48541 0.184969 4.67304 
-1.61871 -3.13768 -0.629143 
5.29696 0.30262 -2.42762 
-1.13486 -2.92869 -1.09608 
-1.54309 -0.627688 -0.731801 
-4.26799 2.31792 -0.731937 
-0.927897 -0.697099 -1.20317 
-1.91681 -2.12909 0.206696 
3.04827 0.909433 0.456038 
-3.42569 -2.73537 3.21768 
0.661833 1.02533 -3.63823 
2.49369 -0.845601 1.52345 
0.161678 -0.0306001 0.208495 
4.6707 1.47988 -3.63661 
-3.91848 -2.15681 2.45083 
0.0521601 -1.96939 0.136434 
-2.51776 2.21935 -3.15838 
0.181107 -1.34558 2.53534 
-1.88594 -2.7488 0.784684 
0.0602549 2.52899 2.52211 
0.62777 2.30162 0.000859185 
2.61041 -0.644072 -2.21416 
0.452799 -1.24012 -0.985254 
0.0127518 2.14725 0.070466 
1.74945 -1.57855 -5.91486 
-1.86468 3.10295 0.877753 
3.99086 1.84431 -4.46905 
-3.80507 2.4991 2.65926 
0.680577 -1.44238 -0.102829 
-1.75311 2.72785 1.20141 
-4.41447 -0.311345 0.272059 
1.76989 2.57187 4.85379 
0.389299 3.11859 0.200644 
-1.55631 -2.0253 -0.714999 
-0.859166 -1.81826 2.20291 
2.09047 -0.422564 1.92772 
5.0875 -1.8189 2.0875 
4.12439 3.00831 -4.32827 
-0.233162 2.29679 2.46454 
-1.75047 -0.705847 -3.54473 
5.56318 1.40494 0.688432 
5.41498 1.78651 1.2727 
-1.92521 0.351355 0.344687 
-1.19844 -0.713858 -1.0545 
-1.37929 -1.29552 1.77667 
0.581614 -2.92981 0.0631817 
3.16655 2.0508 -0.366661 
2.6745 -0.980666 -2.11409 
0.686829 -1.91265 -0.610601 
-1.13771 2.66004 -1.09431 
0.895919 0.698653 5.01787 
1.17217 1.41803 2.42494 
-4.39648 -2.14445 -0.018759 
2.94627 -0.97751 -1.56715 
5.66417 -1.01859 -0.166259 
-1.8122 1.6161 -0.252153 
0.530891 -1.34706 0.114771 
1.81755 -2.339 2.12504 
1.77894 0.611661 2.1491 
2.96615 -2.44878 0.703518 
-0.920233 0.735033 -1.20638 
1.54787 -1.52029 -3.24104 
1.49048 0.810802 -6.0036 
0.324753 0.12392 0.218502 
3.15093 2.814 -0.713142 
5.45952 0.859265 1.12262 
-3.66152 1.9427 -2.04603 
0.0996766 -1.80621 -1.21996 
0.398531 -2.10858 0.197096 
4.40669 -2.20543 3.13417 
-1.00914 0.662896 2.10508 
-2.98792 1.2342 -2.80294 
0.440464 -2.94303 0.177677 
-1.51513 -0.798148 -0.765939 
0.416056 -1.34985 -1.02016 
1.50916 2.5015 4.91933 
2.64222 -2.60072 1.32471 
2.22656 3.08546 -5.71628 
5.66427 1.61231 -0.168735 
-1.77082 -0.901581 -0.354425 
-1.54634 -0.172211 -0.727716 
-1.83272 -0.349615 -0.193422 
0.7238 2.59779 -0.437877 
-1.00631 -0.0192855 -1.16734 
0.606206 0.661985 -0.788263 
5.21258 -1.48247 -2.63846 
3.24366 0.455246 -5.11543 
0.31477 2.85817 -1.10116 
2.22885 -2.94203 4.7021 
-1.57223 -2.75723 1.52976 
-0.283693 0.224185 -1.31152 
0.283362 -1.11424 -1.12252 
-4.41316 1.32113 0.232302 
2.01724 1.86984 4.77796 
3.15617 -3.06417 -0.139443 
0.318472 2.43754 -3.72217 
0.30328 -0.405229 -6.25646 
-1.41982 -0.760238 -3.65194 
-1.09639 -1.52726 -1.11913 
3.74206 -0.023363 -4.70874 
-2.73301 2.26332 3.92561 
-1.4621 -2.86874 1.67949 
-0.503524 -1.71832 4.9606 
3.16665 -2.17007 -0.38072 
-0.0330898 2.23549 -3.77327 
3.1085 -1.83392 0.204974 
1.6802 0.136998 2.20673 
1.22536 -1.45827 -6.08143 
0.453349 1.8347 2.54374 
0.43721 -2.17602 -1.00048 
5.32435 0.545054 -2.35362 
1.73092 -0.150008 -3.11918 
-1.61973 2.48768 -0.627635 
2.52969 -2.29357 4.57585 
0.00214767 -1.29351 0.0292442 
-3.07396 -1.42375 3.61417 
2.65975 1.26709 1.29874 
3.07667 -1.28798 4.28557 
4.70637 1.23182 -3.58318 
5.18052 -0.138411 -2.71279 
0.100681 -2.89927 0.178766 
3.162 0.961422 -0.224708 
-1.21253 0.825651 1.94274 
3.15711 -1.59808 -0.643518 
-1.26548 -2.45325 1.89372 
1.78882 1.91733 2.14303 
0.00791219 2.68504 0.0557922 
0.727878 0.0334725 -0.356192 
0.348117 -2.55375 0.213419 
0.0283296 -2.5553 0.103275 
3.28693 -1.67855 -5.08352 
-1.9115 -2.47163 0.15863 
-3.80349 1.6878 2.66198 
2.8756 2.50054 -5.36419 
3.69161 1.6088 3.84794 
0.360758 -2.2369 -3.71369 
2.04525 -1.53517 -2.86741 
-1.1537 -0.868748 -3.71534 
-1.89444 -0.82074 0.740426 
-1.43267 -1.99038 -0.856849 
4.29963 0.909423 3.25939 
1.68546 -1.62327 2.20379 
2.59725 -0.434386 -2.2338 
0.559325 2.78009 -3.66695 
-3.4234 -1.9144 3.22056 
0.0032797 1.33883 0.036096 
2.02852 1.26967 -5.80445 
-0.778503 1.27328 -1.25689 
-2.66472 1.74144 3.98111 
2.61809 -1.20573 1.35949 
1.49744 2.22323 4.92194 
4.42724 1.93391 -3.97117 
-3.21697 -0.348917 3.46368 
5.66895 -2.31066 -0.397147 
-1.80529 1.0784 -3.52377 
0.651842 2.68481 5.03603 
0.386531 -2.84027 0.201658 
0.340539 -0.809316 -1.08241 
-1.90403 -2.26463 0.682316 
-4.11571 -1.7912 -1.19367 
5.50411 2.51707 -1.76002 
-1.00243 -2.01205 -1.16924 
-1.49344 -0.444549 -0.791205 
-4.41253 2.68669 0.580424 
1.59473 2.83414 2.2523 
5.56418 -1.93197 -1.48634 
0.987329 -1.69824 2.47545 
-4.32258 -2.13148 1.30614 
-4.34917 0.922366 1.16742 
0.720148 -3.10405 -0.467824 
0.698953 1.48381 -0.570215 
0.580464 0.731405 2.53768 
-1.52168 1.47776 -0.758115 
0.416449 0.41755 -1.01981 
-3.9251 -0.0359734 2.43782 
1.61665 -2.46413 -3.19716 
1.90416 2.7074 2.06778 
4.81764 -1.45086 2.56733 
4.09725 -2.37576 3.47652 
-0.773519 2.64601 -3.77232 
-0.284268 2.35199 2.45065 
1.95392 -1.243 -5.83551 
5.48058 1.27505 1.04571 
0.201473 0.682967 -3.74298 
0.177484 1.78904 -6.26935 
-1.77198 0.078302 -0.351782 
-2.88526 2.24849 -2.89002 
2.36658 -2.98034 4.64705 
-1.85321 0.34237 -0.127105 
2.63632 1.13255 -5.50595 
1.35372 -0.697905 -3.35352 
-0.731595 -0.379394 2.27398 
-0.225732 2.22873 2.46646 
-2.06211 -0.786658 -3.41269 
-1.53772 -2.84307 -0.738499 
0.626656 0.377527 0.0025962 
0.52568 -2.34704 -0.90433 
-1.54788 2.78452 1.56524 
3.06604 2.52403 0.390946 
1.38384 0.266245 -3.33712 
-1.90798 -0.815628 0.654671 
4.39449 2.43932 -4.01265 
0.660655 3.04191 -0.0577103 
4.98137 -0.733022 -3.12189 
3.08276 2.55741 0.323842 
-1.90862 -1.31445 0.136385 
5.62985 -1.30575 0.264735 
-0.113319 -0.532291 -1.28679 
-1.06155 2.21515 2.06681 
-3.6637 2.41198 -2.04289 
0.517393 2.57787 -0.914461 
2.70551 -2.20883 1.228 
5.57638 -0.953462 -1.42148 
0.0511225 0.913738 -3.76413 
-3.04987 2.03857 -2.74748 
1.26647 1.54123 4.9675 
0.228544 -2.56916 0.222847 
-0.216248 -1.61794 -1.30454 
3.16398 0.704382 -0.265981 
5.0396 -1.23562 -3.01035 
-0.636056 -2.62318 -3.78344 
1.39346 -2.14263 2.34496 
-4.39747 -3.05868 -0.00822105 
-0.260353 -1.16865 -3.78842 
0.692263 0.62654 -3.62908 
-0.917767 0.357702 -3.75527 
3.05212 2.02088 -5.24979 
-1.23603 -1.61946 1.92137 
-0.818114 2.42707 -1.24443 
3.84203 -1.02326 3.71907 
-1.88368 2.01331 -0.00594705 
2.7935 1.26691 1.07799 
0.925864 0.0423761 -3.54906 
0.271966 -0.0419651 0.224256 
-4.22584 -2.02653 -0.878696 
1.94714 2.79771 -2.95244 
-0.252486 2.32693 2.45943 
0.216549 -1.72569 0.22142 
0.727651 -2.48661 -0.377543 
2.22792 1.55468 4.70246 
-1.34741 -2.66923 -0.937932 
0.0104374 1.23466 -6.28251 
-1.92577 -2.57945 0.400075 
0.40104 -2.7907 0.196087 
0.722629 -1.79095 -0.270554 
1.551 -1.46666 2.27414 
-1.10394 -2.80321 -3.72502 
1.45887 2.95218 2.31702 
-1.92467 -2.08091 0.32646 
0.548757 -0.309551 2.53978 
-3.27385 -0.372782 3.39997 
4.86992 2.96078 2.48277 
5.56914 2.84999 0.657732 
0.722569 -1.59193 -0.449071 
0.0965117 0.945983 0.17595 
-0.696115 1.10063 2.29195 
2.42561 -0.669936 -5.61899 
0.335899 -2.72214 0.21627 
-1.88902 2.09415 0.76923 
3.69177 -0.762779 3.84781 
0.151735 2.58964 -1.1966 
0.38443 0.74535 -1.04766 
0.727611 -2.28264 -0.338567 
-2.79966 -0.446781 -2.95832 
0.709636 1.35562 -0.526605 
0.716599 -1.94669 -0.490612 
3.0625 -3.02476 -1.20696 
-0.438371 -0.135288 -1.31423 
1.9023 1.56435 4.81489 
3.1123 0.653013 -5.20876 
-1.61772 2.78018 -3.59168 
-3.75011 0.128556 2.75185 
0.518561 0.473027 0.1253 
-1.83401 3.13061 -3.5124 
0.470218 2.53783 2.5433 
0.170011 -3.02482 0.211189 
1.78262 0.066874 -3.0817 
4.61295 -1.39705 -3.72053 
-1.96967 2.54051 -3.45517 
2.25847 0.171979 -5.70128 
-3.83661 1.64697 2.6038 
-4.38447 -2.44319 0.928486 
-4.40639 -2.14577 0.103299 
0.280446 -3.12072 -1.12442 
0.546721 1.8049 0.100184 
-3.42005 -1.14152 3.22479 
2.36551 0.45777 1.67014 
0.731772 -2.18832 2.52222 
-3.89536 -0.74319 2.49545 
0.587198 -0.548522 0.0565505 
-1.65577 -3.11387 1.39485 
5.66877 -2.15364 -0.44402 
4.99554 -0.941308 -3.09528 
-2.04287 2.72702 -3.42177 
-3.78539 2.70522 -1.85595 
-1.67304 -2.82212 1.3639 
-4.35309 1.22793 1.14474 
5.64566 -0.964655 -0.912883 
-2.95519 0.948783 -2.83134 
-4.20507 -2.05071 -0.944537 
5.24887 -1.76963 -2.55069 
3.70701 -1.70738 3.83519 
-1.73531 0.0147495 -3.55037 
2.8963 0.304523 0.871743 
-1.19702 0.18 1.95652 
0.684548 -3.0096 -0.113135 
4.65532 1.4396 2.80997 
1.83068 -1.10081 -3.04555 
-1.92329 2.7259 0.490285 
-4.31434 0.32011 -0.541965 
-0.33836 -0.931339 -1.31456 
4.49717 -2.85462 -3.88001 
2.6682 -2.8943 1.28601 
0.209898 -2.48049 -3.74161 
-1.24627 0.437715 1.91187 
0.580184 1.72082 0.0648452 
0.136224 -1.13691 -1.20388 
0.0825467 2.25481 -1.22699 
-2.23684 -2.40713 -3.32433 
-3.73546 -0.23912 2.77573 
-0.182236 2.34869 -3.78477 
-1.39872 -2.4003 -0.890563 
-1.66321 -2.1381 -3.5762 
1.97171 2.84895 2.01978 
-1.05566 -2.63613 -3.73376 